         0.0119387784        0.6906446455        0.8400177222
         0.5814228418       -0.3382662103        0.6999285070
        -0.5582495549       -0.0834866127        0.8969788039
         0.8692501388        0.4835531574        1.0937117915
        -0.0870253006       -0.8147594631        1.1892424775
        -0.2077016057       -0.7201899352        0.2681809338
         0.1731968407        0.0221211743        1.5113849482
        -0.2330877846        0.2131264465        0.0402822295
         0.6786669891        0.4832118102        0.1796338510
         0.4583106821       -0.3173031534       -0.2475422557
