         1.0021853206        1.8289117414        0.5725475238
         0.8990673644        1.7806130711       -1.3660682271
        -1.8194967801       -1.2900628327        0.7287194599
         1.0372291457        1.8537615191        1.5331949183
        -1.7347324244       -1.0696937568        1.6466236382
        -0.7216834465        1.6488617582       -0.8064192863
        -0.6717002048       -0.0273559199       -2.1604894704
        -1.3911380817        0.0445586260       -1.4986587202
        -1.5579052057        0.6209353219        1.4205122056
        -0.6988504634       -0.1178651152        0.1554092378
        -1.3414552491        1.5153764440        1.7468676431
        -1.2571717093        0.7625751198        2.3270587021
        -1.1005084736       -1.7039751276        1.3298095084
         1.7116503130        1.3222210445        0.0596698347
        -0.5512952335        0.9167501043        1.6194954864
        -0.7084560497        1.5149493637       -1.7774575475
         0.9867623541        0.7458793976       -0.4178190675
         0.1700710072       -2.3919590191        0.1681952049
         0.0409427722       -0.5514551183        0.7193675000
        -0.1462059378       -1.4719041657        0.3261418651
         1.6944716071       -0.6567204305        1.1977134532
        -1.4995827650       -0.1619465647        1.9881845131
        -1.1176834614       -1.8796165900        0.3594086805
         0.8324003847       -1.1401061411        0.2434204851
        -0.6320957467       -0.2556619493       -0.8775101750
        -1.4261650942       -2.2598524750       -0.4561243355
        -0.5389480592        0.7108879852       -0.4099191444
         0.2440579562        0.2475378148        0.0874137451
         0.4214744280       -1.7262005985       -0.4945835894
         1.0034068343       -0.2119474447        0.6251695893
        -0.6721553892        1.7416024349        0.1810426691
         1.0987456674       -2.0985225655        0.1367757296
         0.7693761786       -1.0066203204        1.2667775843
        -1.4836365206        0.4200437642        0.4540865299
        -1.6539215349       -0.5298070244        0.1037723440
        -1.8022276310       -1.4383276195       -0.2468877829
        -0.3843416295       -2.2189585676        0.9255554849
        -0.4652449851        0.6139196025       -1.4419398582
         2.3876423298        0.8218265503        0.5636135466
         2.9071542640        0.2245761279        0.0454280426
         1.6309389344        1.2955666000       -0.9306336164
         0.2955698953        0.4574809717        2.1086223955
        -0.3667515219        0.9773822614        2.5867252849
         0.9831162170       -0.0988499494        1.6249829687
        -0.8335938958       -0.8441666300        1.8286373666
         1.0011383519        0.8080123521        0.6077547932
         0.2246446412        1.2782476262        0.1075623694
        -0.4024692807        0.8533256913       -2.4550229031
         2.4421872845       -0.2004752843        0.7557150352
        -0.9282186516       -0.9018916802        0.7936573360
        -1.5800089764       -0.6988845931       -0.8817688731
        -0.5563228145        0.8028917087        0.5946436050
         1.3875081646       -1.4593242302       -0.5534031517
         1.6685190972        0.3009406166       -1.0061225016
        -0.6415376564        1.8895254486        1.1647684083
         0.0678325999       -0.4540597554        1.7272514856
         1.7127520820        1.3427586500        1.0525031034
         0.1075582001        2.1843165196        0.5827504840
         0.3707175277        1.4437458168        2.1316543744
         0.0050247475       -0.5025877500       -1.6380633402
        -0.9410844597       -0.8174847242       -1.6268481836
         0.1692098984        2.2276228504        1.5707627011
        -0.1590284940       -1.3787235381        1.3536240080
         0.2900585697        0.3331527676       -2.0369840596
         0.2081087490        1.2208265657       -0.9133119268
         0.2442787646        1.3352999996       -1.9355450305
        -0.2708260441       -1.2653046321       -1.0610545869
         0.9839536173       -0.1769785539       -1.5647327115
        -1.4449338897        0.2317384705       -0.5190173597
         1.6652366399       -0.6958716575       -1.0961429253
         2.3430050869        0.7954955920       -0.4649207070
         0.9618187608        0.8102148810       -1.4798356927
        -0.5158767905        1.8036213858        2.1279798090
        -1.2563764155        0.7823365857       -2.0904602732
         0.5552979870       -1.9241061613        0.9209384518
         1.8023254615       -0.7818346579        0.1360800816
        -1.3636363067        1.3481328176        0.7857102106
         2.3809283487       -0.2316793714       -0.6016937074
         1.7317298345        0.3533451149        1.1434214543
         0.1107853024       -0.6732754971       -0.3210010519
        -1.2079245358       -1.5845678764       -1.0571810831
         2.3974733567       -1.1982425017        0.8016437545
         2.0389674782       -1.7590630145        0.1105497912
        -0.8733709100       -1.0649023711       -0.2629999917
         1.0446615816        0.8899293409        1.6332756719
        -1.7402231001       -0.3258740387        1.0616172691
         0.2520326537        1.3555798681        1.1275951362
        -0.5962636874        0.0704382790        2.2423641356
        -1.3722783410        1.1672682865       -0.1857425049
         1.4945947886       -1.5677339901        0.8734177176
         0.3145550388        0.1571345866       -0.9341944419
         1.0524648909       -0.3082341704       -0.4213203456
         0.0439920353        2.1189095033       -0.3969533951
        -0.7738936014       -0.0037306476        1.2329125480
         2.3327273744       -1.2093253547       -0.6074167386
         0.6927300361       -0.9689329673       -1.0849628976
         0.2190928835        0.3433660616        1.1187235055
        -0.5229312003       -2.0304746744       -0.4529065347
        -0.0199029326        2.0682993158       -1.3561553323
         2.8262988412       -0.7640414581        0.0746331481
        -1.3438356969        0.9880516444       -1.1508027882
         1.7612520137        0.2453106592        0.0886443414
         0.9552659709        1.7846867218       -0.4130701467
