         0.7074349870        0.4461589708       -1.0191063066
        -0.6375821440        2.4150671474        2.5663130826
        -0.8927036548       -1.7398657995        0.7891670796
         1.0535335465        1.2351991566        0.1022587355
         2.4382840852        1.0583447658        1.5108372998
        -1.0307718767        0.4384227135       -0.2668044465
         2.8937576311       -0.5689347533        1.6483960438
        -0.2416839453        0.5951180080       -0.8620015128
         0.7044530844       -2.0344611519        1.9203363307
         0.2791308488        0.6965488250        2.1673561856
         0.8257428202       -1.5637205765        1.0485611749
         2.2938716351       -0.5457156110        0.8715945590
        -1.4773968173        0.9528898591        2.2193591101
        -0.4885207125        1.6625289171        0.8146068367
         1.1544975561       -0.5913889870        1.1451376079
         0.4217915486       -0.4687591273        0.4569531285
         1.7011242781       -0.9932527089        2.8177017114
        -1.1416989536        0.9507990492        0.5671484409
        -0.5928709199        0.8426544417        3.3386205962
         0.1977967739        1.6009969062        1.6674463225
        -1.5578663005       -0.0554929345        2.2032433948
         0.9876684342        1.4506389021        2.3606171281
        -0.7648220823       -1.1644826353        1.6217362055
         2.3153401919       -1.4906305683        2.2713310221
         2.5843517661       -0.6221953504        2.5531536623
        -0.2346959690       -2.2806371018        2.2768359109
         0.1907072751       -0.8723043600        1.3614202201
         1.7638011424        0.8323872916        2.1927846893
         1.7143239443       -1.3117486833        0.7229284774
         1.9096033731       -0.6746580529        1.8353710507
         0.7658991135       -1.3701396216        3.0381219204
        -1.3040384845       -0.5421589496       -0.3407476845
        -0.6652773442        2.1860572838        1.6257575446
         2.1482840771        0.2901597871        0.3485125101
         1.8411173449        0.2515411262        1.3319482581
         0.9240801155       -1.2451725481        0.1151767889
        -1.3671506853       -0.0505243111        0.5000335291
         0.0270582295       -1.4393945310        0.4782705529
        -0.0949961619       -1.8895202100        1.3722379621
         1.3268643748        1.1575669515       -0.8198395253
         0.3903050322        0.4330412400       -0.0763336348
         1.4210119792        0.3452912302       -0.3429898152
         0.0002718855       -0.7738140170        3.1802963261
        -0.5358948962        1.4122117882        2.3673908126
        -0.7729584260       -1.3184750798       -0.0974546036
         0.7817761990       -0.4175909377       -0.4822691127
         0.2634177387        2.0724304277        2.6045622427
         0.1757709417        2.3649306838        1.0559858240
         1.6454769251        1.6601886728        1.6705224630
         0.1336097516        0.2123244459        3.0811951246
         0.0643312608        2.7131060646        1.9336043589
         2.0060141431        1.1070796984       -0.1412739450
         2.4840410691       -1.3689559771        1.3414590710
        -0.4871110103        0.8554506142        1.4710977494
        -1.5168076470       -1.0471111044        0.4917240916
        -0.7482361396       -0.6299011025        2.4934156725
         2.5437440947        0.2238931410        2.0583962830
         0.0588476725       -0.3055392148       -1.1187716575
         0.2935631627        1.0164001759        0.7845085069
         1.0187417784        0.9092073247        1.4946034614
        -0.7521819428       -0.1477312442        3.3851385719
         1.0356592881        0.5742794924        2.8259731590
        -0.4356371135        1.8074873329        3.2666170972
         0.2795374838        1.1920870736        3.0367761239
         1.5116854013       -0.4893735818        0.2155699505
         2.6694007332        1.0427214914        0.5764170172
        -0.3458026982       -0.3044121819       -0.2245017431
        -0.1860881722       -1.7558120792        3.1483037727
        -1.6487835300       -1.5193699343        1.3484053768
        -1.5396097973       -0.5512181710        1.3383136145
        -1.4005549220        0.4513990686        1.3599312822
         0.9131130398       -0.4005613242        2.9120340324
         1.6205806283       -1.6976123281        1.6244512813
         0.2789331569        1.8386982569        0.2347118283
         1.1035623889        0.0048195416        1.9929536666
         1.4264302277       -1.8837282082        2.5566760092
         0.3415555342        0.1267769069        1.2955776156
        -0.4138896484        0.2947488388        0.6160229440
        -0.6187485161       -0.7043388500        0.7038746239
         0.9857969675       -1.0488858182        2.0801241528
        -0.9455357639       -1.6563928233        2.5347194170
        -1.4444306328        0.4366953358        3.0551433807
         1.8261764281       -0.0278294407        2.6864414931
         0.0444486218       -1.3405765965        2.2888331154
         0.1803075146       -0.3177433497        2.2175351040
         0.5480065580       -2.2654202923        2.8226828145
         1.1006809572        0.3200277954        0.6408951699
        -0.8990174097       -0.0661740089       -1.0807168865
        -0.6555892196        0.3913172446        2.4353462917
         2.8201413548        0.2668712824        1.1107476261
        -0.8906720616       -1.1237068783        3.3488802316
        -1.3877185255        1.9286891766        2.2382621344
        -1.2773343168        1.4488882717        1.4000523898
        -0.6107850646       -0.1356817698        1.5525718069
        -1.2864514999        1.4309820632        3.0426676889
        -0.6433680738       -0.9547346537       -0.9752927669
         0.1455251215       -1.1399851882       -0.4627263015
        -0.3581492742        1.1336124709       -0.0233343259
        -1.5725937125       -0.5400059714        3.0369271749
         0.8942904874        2.2726601747        1.8098081395
        -1.6200327231       -1.0429298630        2.1927082197
         1.7535041942        1.1654864156        0.8135475522
         0.9535375801        1.7978935077        0.9645068922
        -0.9883920546       -2.1269293741        1.6862648131
         0.4064088428        1.2969318264       -0.6271637209
