        -1.6968158209       -1.7191146685        2.4783573469
         0.2487396033        1.2856432304       -0.7093296112
        -1.0233993823       -2.0023929280        1.9071535987
         1.0749290676        1.7789101306        0.7558831723
         1.7918801801        1.0804481673        0.5075019358
        -1.5159402030       -0.8044359093        2.4953551824
         1.1845221128        2.2822632863        1.5790415408
        -1.2469219133       -0.2764765875        3.2967172419
        -0.4218698757        1.1972540676        0.0117111782
        -0.1679438444       -1.1138318583       -0.4153926272
        -1.0115744198       -0.8803902517       -0.8095493571
        -0.8238614837        1.6549671187        3.1697938351
        -0.5199057469       -0.0174938584        1.6676518892
        -1.0741787833        1.6201861283        1.5456214858
        -1.0158204690        2.1320785225        2.3707970985
        -0.5721779259       -0.9119733905        3.5139984430
         2.8218372050        0.1101016118        0.6672741654
        -0.3726952614        0.5394943553        2.5204028705
        -1.2100692208        0.0234985249       -0.9092520732
         1.0536843552        0.2880460878        0.4744347068
         0.6716481187       -2.1925973773        2.8183024291
         0.3523391242       -0.2291797504        2.2052323631
         0.1450345182       -1.2334742764        2.3247080394
         2.0726961450       -0.0628523613        2.3881767496
        -1.0521874503        0.6797052659        3.2478947260
        -0.8153757677       -1.4892135668        2.7553251346
         1.0651230553       -1.0256824569        1.9611577252
        -0.7106018157       -0.5966876678        0.8527686013
        -0.4419809050        0.3803568469        0.6890115212
         0.3957248994        0.1739529753        1.2494373213
         1.5199317333       -1.8874693705        2.3977219401
         1.2510392568        0.0105160984        1.8197075475
         0.2992176691        1.8550681098        0.1404410665
         1.5718062575       -1.7372799159        1.4423261367
         1.1842220126       -0.3523872886        2.7705843275
        -1.2788471579        0.6336749108        1.5618028336
        -1.4844910167       -0.3534965278        1.5948059410
        -1.7200415562       -1.3155277400        1.6416467093
         0.0437293349       -1.6073918029        3.2274181935
        -0.5569456886       -0.2408298172       -0.1288836252
         2.6478817201        0.8826615412        0.1338349068
         1.3357000614       -0.5595547641        0.0241656456
         0.7025742768        1.2921563101        2.9318712234
         0.0780151299        1.9680217403        3.2439420807
         1.3664843830        0.6078324225        2.6290936168
        -0.3569274678        0.0485008582        3.4844264784
         1.1570323295        0.9035861570        1.3043495627
         0.3362181230        1.0463045599        0.7133962486
        -0.2897093796       -0.2955283535       -1.0740732035
         2.6969140391        0.1130231014        1.6462551115
        -0.5476724320       -0.4730702489        2.6254889087
        -1.6556357327       -0.8575277804        0.7653326067
        -0.3321128094        0.9634208834        1.5218981799
         2.4021305526       -1.4888802589        1.0115105182
         1.8864262224        0.9812827237       -0.4722750335
         0.4219607514        2.7940915138        1.8144480597
         0.4978612593        0.3299252582        3.0410955608
         1.8582846061        1.6075428511        1.3486883241
         0.3678186477        2.4109784516        0.9464120168
         0.6776158114        2.1559731096        2.4681524648
         0.5143572957       -0.4492636395       -0.5535547161
        -1.0294159486       -1.2071377083        0.0909544627
        -0.1936603370        1.5517235563        2.3895796589
         0.2986930809       -0.6423036421        3.1886232877
         1.2209498331        0.2639812245       -0.5483055876
         0.2489960207        0.4366929599       -0.1290436962
         1.1149854575        1.0683654517       -1.0372914646
        -0.1700696212       -1.7865557109        1.4665843484
        -0.1595398112       -1.3808203230        0.5428506782
        -1.4268194473        0.1149813412        0.7241564213
         0.6814786799       -1.2658622401        0.0445916455
         1.8908622396        0.1767501542        1.0403377164
         2.0428076740        0.1679428284        0.0206570024
        -0.3823458473        2.3155229933        1.6455606522
        -1.5374249826       -0.3977652582       -0.1034485960
         0.9813305406       -1.3067316086        2.9479584438
         1.9666384252       -0.7384030288        1.5599119668
         1.5489961615       -1.3805569997        0.5257677122
         1.9970785005        0.7869575214        1.8773139769
         0.1647692372       -0.8034805678        1.3794222074
        -0.1768010117       -2.1530141278        2.3958732774
         2.7507320136       -0.7211294889        2.1605943933
         2.3773345323       -1.5730822409        1.9593623142
        -0.7648051843       -1.0378377828        1.8025077522
         1.3068745513        1.4713640263        2.1408177084
        -1.3272321799        0.1703435835        2.4392089851
         0.4268031807        1.6616275823        1.5745178079
        -0.1360178008        1.0228410794        3.3767005848
        -1.1140869577        1.0928185854        0.7209698400
         1.8944453300       -1.0125882882        2.5720175791
         0.2929263228       -0.4458543906        0.4316576971
         1.1124550904       -0.6054173204        1.0017587339
        -0.3762440033        1.7545021111        0.8402940067
        -1.1727519251        1.1648242938        2.4038635026
         2.2067351332       -0.6642488609        0.5451226077
         0.7057354638       -1.5432641000        0.9982529082
         0.5231397878        0.7719792450        2.0952239268
         0.6927237617       -1.9894910057        1.8939418069
        -0.4793167280        0.6344157629       -0.8162015693
         2.9158571688       -0.7169320936        1.2186950270
        -1.1758170718        0.5555759495       -0.1026359277
         2.5694258288        0.9393856129        1.0912606346
         0.9942290477        1.1866437942       -0.0869826934
        -1.0339995787       -1.5853016359        0.9997695468
        -0.1905573095        2.5673153895        2.5600334618
         0.4206651476        0.4044208828       -1.1087925942
