        -0.6043513473       -1.6127144513        0.8811198103
        -1.6710163218       -1.4917363758       -2.4497323638
        -2.3638614558       -2.1014604360        0.7320110851
        -1.1792847400        0.6252904531       -2.3007620218
        -1.8593048627       -2.1642205010       -1.7503135057
         0.3046000484       -0.1620287019        1.2331504303
        -1.4325863016       -0.7019647133       -1.8483150781
         0.9849923029       -1.7547349902        0.2208218446
        -0.4251511895       -3.0988397128       -0.0419289104
        -1.1953329235       -2.2171661332       -0.9734298162
        -1.3555225458       -2.9755911149       -1.6948378640
        -1.4147725911       -0.2304952424       -2.7018578169
         0.3129586767        0.7069068771       -0.2613804464
        -0.0994947005        0.5989595423        1.6846874624
         0.4126569969       -0.9718394399       -1.1672901569
        -1.1475070546       -2.3048394620       -2.3902946272
        -1.3686963822       -0.3467004614        0.4802465576
         0.3211870566       -2.4467759572        0.0808446698
        -0.6920189842       -2.1756562483       -0.0618912690
        -1.9128971439        1.1361046508       -1.9309417135
        -0.2686014956        1.2364587254       -0.8863723619
        -2.3348252560        0.8154556350        0.7431130373
        -2.0091075785       -0.3724647466       -1.0716224865
        -0.8405148369       -1.0454514801       -2.6014661921
        -1.0481729803        1.7157602091       -0.5317278406
        -2.6256332095       -1.1397595756        0.8073399583
        -2.0204648125       -0.6592738842        1.4896869338
        -0.8315160653       -3.1215713017       -0.9152774054
        -1.1558000294        0.7383387230       -0.5326212050
        -1.0328113699        0.7418762110        1.8528552058
        -1.7338222674        0.2802307043        1.3342329578
        -0.2718794338       -2.0521833640        1.6718394977
        -1.9945526219       -3.0104794038        0.6422790067
        -1.8480494414        1.7142173265       -1.0855740370
        -2.9464889305       -0.6237673466        0.0230072604
         0.6717706784       -0.9714666768        0.7222756973
        -2.3637625996       -2.5650580091       -0.1380568650
        -2.0483411434        0.6859751470       -1.0772123794
        -2.0112428531        1.1933120815       -0.1774472297
         0.5890171068       -1.8101717775       -0.6688984296
        -1.0191845260       -0.8293651903        1.3760968385
        -2.9325030236        1.3503647564        0.1936580497
        -1.6066700487        1.2609801279        1.2436114123
        -1.5399197341       -1.0735121469        2.1962801765
        -0.6512448940        1.1657014773        1.0745656252
        -1.8409272787        2.1611701716       -0.1905425606
        -0.5184960602        0.1982599818        0.1163938253
         0.0604934589       -1.1156735775        1.4834591867
        -0.1412359275       -0.6223918206       -0.3886763301
        -0.4253664817       -1.5349304305       -0.8224088766
         0.3870396952       -1.9055396638        0.9643717170
        -0.9187457725       -1.5850773061       -1.7308967488
        -2.3471057455       -0.2037595353        0.6780495284
        -0.5046528154       -2.5406532877       -1.7046433132
        -0.0317304363       -1.0068711681       -2.0708721317
        -2.8530548115        0.5142011939       -1.5977230128
        -1.0518197898       -3.2318437965        0.6875569804
         0.6507251136       -0.0883851532       -0.7484327892
        -2.9684463381        0.9404250470       -0.6879545612
        -1.1982917490        0.2083587146       -1.4307388298
        -0.5727189888       -0.6725708191       -1.3155232003
         0.1469484103       -1.8352579179       -1.5678440805
        -0.9598732321       -2.7670101249        1.5134642172
        -0.3277080450        0.6935438436       -1.7909051411
        -1.2742443113       -0.1675098609        2.0634122587
         0.4890678892       -0.1231513706        0.2458724668
        -1.9035964446       -2.5537481248        1.4749001987
        -0.7344543591        0.1377828052        1.1252049752
        -1.4236920366       -2.9046598706       -0.1598025794
        -0.3346310817       -0.3208873770        1.9456259465
        -2.0084966116        0.1673828571       -0.1820988635
         0.8315563962       -0.9289842870       -0.2557934077
        -1.3553322762        0.6870764392        0.4690170567
         0.4664080032        0.7233816575       -1.2339898372
         0.2368515960       -0.1243914897       -1.6559210388
        -1.2304085087       -1.8537705571        1.7075665357
        -0.0909438758       -2.5057025217       -0.8065820233
        -2.0021218487       -0.8570322580       -0.1365594883
        -1.3395302365       -2.2817675539        0.7262496308
        -2.6596416959        1.8576959702       -0.5693826846
        -1.0792727920        1.2074782460       -1.4414532549
        -1.9622645130       -2.8204197834       -0.9767917262
        -0.3112184960       -1.8574075497       -2.4304572129
        -2.1631142374       -1.6107930010        1.5560846690
        -0.3058272658       -0.6591250970        0.6324156831
        -2.3055427785       -1.9092454068       -0.9051332001
        -2.2546164297       -1.2624848815       -1.6592835657
        -1.1656136593       -0.3215421776       -0.5168813858
        -2.6834768175        1.4384275347       -1.4599721094
        -2.8984697052       -0.0399008516       -0.7815493278
        -2.7661662811       -0.4323969287       -1.7005657203
        -2.1894541968        1.7731700056        0.6184954611
        -1.2511388481        1.6933332838        0.4348118295
         0.0419479760       -1.4833789631        0.1066192995
        -2.9350312724        0.3700613869        0.1093006479
        -2.0380183282        0.1678802984       -2.0373802745
        -0.4640639069        1.1987006576        0.0898650854
        -0.9772865249       -1.1506069048       -0.0127061495
         0.1152368656        0.6598941197        0.7331936343
        -0.3034498851       -2.6053884500        0.8241966488
        -1.6977218019       -1.8477988821       -0.1334605164
        -1.4612223748       -1.2267134744       -0.9188161631
        -2.2142854479       -0.6943789951       -2.4625192170
        -0.6002706455       -1.2445295487        2.1610054461
        -0.3291906541        0.2398154806       -0.8943658589
        -1.6706993507       -1.2907614608        0.7496188966
        -2.7533035162       -1.0154860539       -0.8451468799
        -2.6941294662       -1.5951220641       -0.0492115174
        -0.5823189624       -0.1635356920       -2.2150999401
