        -2.1630625318        0.5631312327       -0.7584482501
         1.2864758524       -0.0934078757        3.2424567179
        -0.2846013691        2.1844755439        2.1381421140
         1.9244188600       -0.5862815690        2.7230509982
        -0.5080671951        1.0843955305        0.8181036492
         2.9698397810        0.2504666698        1.6657128117
        -0.7437150709        1.6232191271       -0.0320198394
         1.7930127401        0.9619764304        1.9967062569
         0.1770763120        1.1579496395        0.0617075972
        -1.6704022363        0.0020890847        1.6583967749
         1.2942556331        2.4124812748        0.4735253213
         2.5280504391       -0.6124668277        1.9636596571
        -0.0643691220        1.6776228164       -0.8417120025
        -1.8707038397        0.5097233901        0.8394753888
        -1.9588920843        0.0444103756       -0.0141587736
         0.5746446801       -0.9621987329        1.7262179478
         0.1274977428        1.5488792235        1.4882150284
        -1.1708456250        0.6565252483        0.1297738354
        -0.9024203684        0.1315440421        0.9905906444
        -2.0878430333        1.0496560798        0.0268560369
         0.3154536877       -0.2136876614        3.1110594894
         0.7567999104       -1.2176272883        0.0397223195
         2.3346606524        0.1248607069       -0.2881371113
         0.8203300867        1.2218549881       -0.7213117663
        -1.3147478967        0.1772035337       -0.7870175027
        -1.5155059461       -0.4550929451        2.4831759882
         0.2505294289       -0.0819785128       -1.4640198385
        -1.1363572215        0.4280835491        2.3986207299
         0.8158015598        1.5667798909        0.7192042089
        -0.1382566064       -0.7739842160        0.0609726841
         0.7406153501        0.8272482892        1.8631462359
         2.1295872306       -0.8827255121        1.0490894614
         1.4728388462        1.5771027885       -0.0558619359
         1.0694253144        0.4563330484       -1.3127327817
         1.7046205484        2.5439817712        1.3585256546
        -0.7664725781       -0.8696733301        0.8358511249
         1.7223764554       -0.1020446801        0.5036169996
         1.3282203943       -1.1723912796       -0.7561288657
         0.1646813905        0.8825235052       -1.4012050628
        -1.0511981029       -0.3496305294        0.0343675019
         0.9659213926       -0.7823422031        2.6473067477
         1.0784384960        0.6600688265        0.1350680606
         0.6882704595       -0.2749933453        0.3538516828
        -0.2778667000        0.6377845190        1.7071506980
         0.6101489041        2.0381646241       -0.1673119285
         0.3378661911       -0.0713880337        2.1343098871
        -0.9890344839        2.0504439228       -0.8824321632
        -1.3611281734       -0.9254517496        1.6110089831
         3.0061114574       -0.5436358877        1.1408168196
        -0.2157938069        0.2056186259        0.2431812056
        -0.2285583516        0.5346903107        2.7197137407
         1.1152714604        3.2277829949        0.9735177713
         1.7257810477       -1.0433847935        0.1204823572
         0.1906559447       -1.2351844368        0.8485076600
         2.1742753963       -0.7382841377       -0.6792484087
         1.9393678652        0.0244300984       -1.1943816885
        -1.6663812420        1.9302599614       -0.1351923111
         1.3429359443       -0.2072797234       -0.4421230550
        -0.6279393007        0.3364272740       -1.4913212407
         0.4004057181        0.6321046395        0.9284864577
         1.1572736507       -0.4921179625       -1.3955869643
        -0.7226584078        1.3092905036        2.2695588244
        -0.1102352449        2.0774033103        0.6110559661
         0.6694433501        2.2796063554        2.3227114151
         0.1856566769        3.3821870784        1.0987233349
         2.0676495926        0.8794421120        0.3000886555
         1.1483026535       -0.9951659494        0.9201630610
         0.4294054751        0.2828458724       -0.5505415300
         1.7048441073        0.7894007295       -0.6380630337
         1.0046405321       -0.0944296595        1.3108508039
         1.8556358966        1.6938809835        0.8602416299
         1.2022785618        1.4944579662        2.6593087831
         1.1075882402        3.0444011581        1.9123472569
         1.4164718195        0.8045177710        1.0650793749
        -0.4233343719       -0.2545108773       -0.7459235106
         0.4489289491        2.8874271386        0.3190766832
         2.6010952703       -0.6409455570        0.2365351390
        -0.4687753137        2.7080115706        1.3244111091
         0.4640798971       -0.7190507421       -0.7441121096
         0.0269117621       -0.3089458290        1.1296932747
         1.5623298686       -0.8216167984        1.8465892326
         2.4697483267        0.9963030282        1.2287021732
         1.3520568890        0.0806886567        2.2675030189
        -1.4419231655        1.1840546435       -0.7426371134
        -0.8537026150        1.8011347658        1.4201376594
         2.7722477079        1.0661951738        2.1496167332
        -1.1666034960        2.7296531458       -0.2395703921
        -0.0013380204       -0.9463533020        2.5366870812
         2.6968486221        0.2163772445        0.6724304097
        -0.3779381390       -1.2323412952        1.6466933237
        -1.2630875892        0.9054960297        1.5372090519
         0.7482047944        0.6368952523        2.8870313908
         0.1601622614        3.0435081151        1.9892856319
         1.1945160865        1.7231320396        1.6520118296
         0.5732931846        2.4596355336        1.2756581034
        -0.6549616300       -0.3235684298        2.9034093149
         1.6549115459        2.3102494082        2.3177715976
         1.7316621778        0.7258140042        2.9798837866
        -1.4865346375        1.4275944358        0.7085995497
         2.0299735255        0.0601105055        1.4486137439
         2.1660449362        1.5595687615        2.6926560098
        -0.4817626113        0.7655534097       -0.6145127224
        -1.6706653596       -0.4563222964        0.7925516159
        -0.7336556788        1.2818295840       -1.4198273523
         2.3787800623        0.2263716829        2.4487878461
        -0.6547514731       -0.3076699198        1.9136851826
        -1.1117647108        2.3337671521        0.6181063786
         0.2184602212        1.3997821054        2.4873191446
        -0.2543575156        2.4937349723       -0.3232834116
        -0.9252459908       -1.1704871844        2.4369309860
        -0.4964565271        3.0581871423        0.4216544173
         2.2753376442        1.8230576250        1.7609860848
