         2.8918652358        0.6223981577        2.4403865405
        -2.2636022913        1.2766788462       -0.9449051829
         1.1685848032        1.7122718610        1.5922668475
        -0.7511550889        3.2322529506        1.1346844914
        -0.7766793588       -1.3377918170        2.2859624129
        -0.7147437636        2.8345141118        0.2533459808
         0.3951348126        1.1938243879        2.5724536103
        -1.3152381121        2.4638890606        1.3255688586
        -0.6132508857       -0.3752517503        1.9040088426
         2.5033956775        0.0911940320        1.7379657972
        -1.5000453552        1.8568190240       -0.9368394406
        -1.8824389631       -0.3187682693        1.0491410523
        -1.0629577531        1.1847725903       -0.3387523619
         2.3654849881        1.4089195819        2.3495334008
         1.8788486254        0.1528448080        0.8818697140
        -1.6804589721        1.5402515200        1.3030785363
         1.9667781220        0.5138169263        2.6307556348
         2.2168802621        1.8202132510        1.4710117450
        -0.3893071317       -0.6030660375        2.8398578734
         0.4808608159        2.4971959967        1.5487897077
         1.7652502047        2.1870360888        2.2448388665
         0.2600074463        2.9105423239        2.4543850783
         0.9772042216        0.3762007344        2.6622871446
        -1.2702341803        0.8660167020        1.9303168047
        -0.4327213796       -1.2198554207        1.3939936154
         2.3354633323        0.4823134095        0.0047321069
         0.1490543514       -1.1109404868        2.2030518269
        -1.5726653536        3.0368684325        0.6116483504
         2.8169571265        1.0260110374        1.5737076504
        -0.8785535862        1.7764112662        1.9005133011
        -1.9933097217        1.6390639718       -0.0951403501
         1.4478013680       -0.0172975287        1.8507107639
         2.2635521100        1.1205870854        0.7645210607
         1.5065225039       -0.7871376990        1.1925918562
        -0.1428243582       -0.1970885026        0.9935696786
        -0.1820363561       -0.2086417278       -0.9801652421
        -0.5117843179        2.6988803475        1.9068205576
         2.1250568141       -0.2680113106       -0.5688718033
         0.1309484340        3.1069269790        0.7655952878
        -1.0195619907        0.2207613159       -0.6690602489
         1.2235402231        0.9507120750        0.8295205044
         1.1551967485        2.9650425809        2.1412630550
         1.3830751385        1.3001135751        2.4946338403
         1.6082709161        1.8783667803        0.6800244589
         0.8574367819        0.0103740291        0.9881225849
         1.0650299171        1.2832074082       -0.8710063711
        -0.1524945196        0.7408267085       -0.5803318866
         0.8762647193       -0.7780943075        0.3811454226
         1.6503730520        1.1919549885       -0.0523980347
         0.0851557667        3.4245433024        1.6724793235
         0.8119134465        2.1100245487        2.4736340183
        -0.3523937894        2.2333713926        1.0158294688
        -0.5708703080        1.1260011441        2.5826973022
         0.3360547655        0.1668364161       -1.7217631399
         0.1910860237        0.7737648099        0.9011547864
        -1.4280037606        0.9318839259       -1.2395880206
         0.7475234093        0.2591700870       -0.8015446228
        -2.0446335542        2.2226712902        0.6961020419
         1.1466635675        0.6609136371       -1.6155689124
         1.4804563173       -0.1864383218       -1.3456927426
        -0.0720833631       -1.0428907629        0.4977476765
         1.2392438123       -0.6580985568       -0.5350182527
         0.9469563422        3.3314645431        1.2840308636
        -0.0046007303        0.2874187587        2.7349814558
        -0.5890479965        0.4808277387        0.3103251616
         2.7513657918       -0.3514769905        0.1975429536
        -1.3892115584       -0.9360083304        1.6564191221
        -1.5543153394        2.5190052597       -0.1780232403
         0.4149469819       -0.1604418453        1.9197325112
         0.1443890706        2.3734969298        0.0934783969
        -0.2741052770        0.6030802150        1.8050666492
         0.3096416329        0.0201650811        0.1074261116
         1.0031734441        1.9338531768       -0.1113626539
         1.1147387727       -0.9368524544        2.1021758842
        -1.4557559818       -0.0582378700        0.2131800968
        -0.6116235281        1.4745252137       -1.1936544691
         0.6378240704       -0.6263795411       -1.2950040746
         1.3432982756        0.1837486099        0.0275073565
        -0.9959144699       -0.7150944977        0.7912741972
         1.5949989713        2.6023831679        1.3697646966
         0.2808454317        1.0788969413       -1.4297784069
         0.6524119318        0.9859445355       -0.0037829970
         1.8623207676       -0.6807803431        0.2711288211
         0.7701628179        0.7794862922        1.7426642544
        -0.5699218043       -0.4419255048       -0.0757228677
         0.5535355513        1.7383700843        0.7790023988
        -0.9635733859        0.2267981166        2.6257233772
        -0.5484093790        0.5528399869       -1.4832013931
        -1.3266752081       -0.6653191944        2.6153226741
        -1.9119598882        0.5660791115       -0.4202985902
         0.1974873005        1.7027933434       -0.6526541159
         1.7492427364        0.5805625912       -0.8310285794
         0.2804906183       -0.8412600145       -0.4032727458
         0.6025584250       -0.5079882738        2.8254296851
        -2.4342691823        1.2820945124        0.7245525757
        -1.0689167094        0.2278154893        1.1744473643
        -1.5257825763        0.9074860153        0.5253217738
         0.0863038861        1.5470403052        1.6777105896
         0.5152662532       -0.9429217036        1.2897885058
        -2.3472355470        0.3389435580        0.4557999213
        -2.0458675348        0.6082970538        1.3375682109
        -0.6895905560        2.1294453767       -0.4481446815
         2.4658650161       -0.6193443077        1.0575079559
         0.9759277093        2.6339413011        0.6051281028
        -1.6634618343       -0.0508440074        1.9639290849
        -0.2431193323        1.4514318415        0.2268873591
         1.8277093443        0.9092820115        1.6640585313
        -1.1376918575        1.9075039754        0.4728546856
         2.8475425725        0.3299907888        0.8444215410
        -0.7070732041        1.2060110364        1.1032077523
         2.0856801729       -0.7784764370        1.9888760536
        -0.1556860267        2.0211333801        2.5264702483
         1.5959674015       -0.4105632822        2.7596924307
        -2.7105322126        0.9916932465       -0.1395755679
         2.5300715423       -0.2478993611        2.6433803533
