        -2.6565044776        1.4691067832       -1.1204799366
         1.4586146758        1.2422123587        2.8489544778
        -2.1793047343        1.1311286848       -1.8753898777
        -0.6077855789       -0.0769350597        3.0319745778
        -0.8157849392        1.5817378147        2.5188633259
         0.1399949581       -0.6804618803        2.9466343717
        -1.2377355294        1.3522089152        0.6360051910
         1.8670291010        0.5132308314        2.3573949204
        -0.8472282037        0.4870010693        0.0766654230
         0.1174502871        1.9125232666        1.9629411842
         0.0591428078        2.3012609837       -0.0090100735
        -2.2736922069        0.1303489313       -0.1565450651
         0.4936419806        2.6697374376        0.7973992670
         1.0855113434        0.3359464980        2.9111928094
        -0.3792598905        1.9479111817       -0.8305390623
        -2.2583971036        1.3835993950        0.5386665071
        -2.2498762343        0.6057690081       -1.0293228283
         0.1181019605       -0.8187220044        0.9678431341
        -2.2482400772        0.9224885264        1.4192832396
        -1.6432446984        1.4506923529       -1.1169582928
        -2.0598119763        0.4452415688        2.2414579171
        -2.1739992288        2.3059834118       -1.2026883096
        -1.4778715008       -0.2870775391        2.6146885537
         0.1620074617       -0.9179443652       -0.0191936798
         1.3150321981        1.0824942164       -0.1251036595
         0.0344631300        0.5401186390       -0.5376750675
        -1.4274550728        0.5386929650       -1.5781706767
        -1.7183956371        0.4525505456        0.6798963526
         0.8889839257        0.0964799886       -0.1740105896
        -2.7044024556        0.5197849904        0.6293495833
         0.0283368248        1.7846784769        0.9014760336
        -1.4225379780        0.1283815299       -0.6855144076
         0.1707201558        0.1602620000        2.4190870622
         1.7750426192       -0.3904559306        0.9457684920
         1.7423540235        0.3473833099       -0.6010881207
        -0.5912496688        0.0611273493       -1.2233740184
         0.6313196103        2.7784465337        1.7626915936
        -2.3183793346       -0.3817202410        0.6834170348
         1.0184261528        0.3192458707        1.8703193577
         1.0168085641       -0.8540752193       -0.4974925133
         0.4721481636        1.5097484567       -0.4790724951
        -1.7111041880        0.9679894067       -0.2100789060
        -0.7095682582       -0.8851936791        2.4866618114
         0.8763381480        1.8521073077        0.3501589464
         0.4495519656        0.9293394997        0.3607517750
        -0.4998383214        2.5178599377        2.4981354685
        -0.7521086516        2.7611028553       -0.3777668396
        -1.2484324569        0.7933130282        1.5345178635
        -1.2138300848        2.3978348546       -1.1865848809
        -0.6111710397       -0.3894687266       -0.3389474737
         1.8348195077        0.4128738496        0.3743131675
        -1.4623069091       -0.3842436214        0.1718175090
        -2.3505399678       -0.4718214591        2.2696408371
        -1.4063060341        2.7395512528        1.2417642909
         0.0958544990        0.0881041482        1.3765963210
         0.0138474169       -0.0080632689        0.3664580943
         1.7459517507       -0.4368109834       -0.0539970388
         0.9352642983        0.7841885898       -0.9784568727
        -1.2259845446        1.8793710772       -0.2785093663
         0.9696830241        0.1980295436        0.8500694060
        -1.3312487275        1.1661421705       -2.2882947354
        -0.4122012370        0.8447967398        0.9293741760
         1.1226754081       -0.1456929213       -1.1283289315
        -1.7204867462        1.3627649892        2.1807029612
        -1.2757516027        3.1234332446        0.3463530437
        -1.7975220414        1.8142475087        1.3264181556
        -1.0056411560        3.1879236970        2.0095826650
         0.5035403257        1.0489943281        1.3821205712
        -0.7011534602       -0.9533212777        0.4670560811
         0.0760893362        1.2161976326       -1.3299947823
         1.3653022154        1.1468968278        0.8604383838
         0.1182573052       -0.7654847474        1.9765856300
         0.9546625561        1.9462922985        1.3255660689
         1.7647607212       -0.3284523313        1.9254877075
         0.1445290828        3.4666975383        1.2362534595
        -0.3316510235        0.9293496641        1.9476616399
         0.2996483246        0.2977609092       -1.5192068160
        -0.2883028547        3.1369682354        0.4225839965
         0.9872378345       -0.7464337894        0.4716100997
        -0.7944159555        2.2724366131        0.5648833022
         0.2321837981       -0.4109358801       -0.8600571660
        -0.8307382190       -0.0948030229        0.9289848683
        -0.7309070614       -0.9457536479        1.4848012051
         1.4669739669        1.2391501016        1.8503533287
         0.9666543955       -0.6316526200        1.4704076596
        -1.6904915298        1.9709281905       -1.9525534681
        -0.8106451866        1.7151160252        1.5030178035
         0.9370144175        1.9436464323        3.2277420313
        -2.2682378290        1.8792496259       -0.3347648570
        -1.5643638625       -1.0270282475        1.9870475253
         1.8913167488        0.4663320166        1.3745635402
        -1.5481967810       -0.9711744389        0.9650308864
        -2.7071391941        0.9951861835       -0.2559820166
        -1.1409330466        0.6473500283        2.5600765262
        -0.0702625751        3.3093796338        2.1479152274
         0.4431696573        2.6255116294        2.6967552953
        -0.3654484989        2.6450117536        1.4384385401
        -0.7314992225       -0.0501264805        1.9583147675
         0.6279168151        1.0558791019        3.3946034979
        -0.2686618165        0.8631025417        3.0090048838
        -0.3912018339        1.3824366253        0.0282677860
         0.9535902653       -0.5117915100        2.4488596639
         1.0937100913        2.0320274317        2.3002255520
        -0.7877338568        0.9753561038       -0.8662055448
        -1.6772540161       -0.1547648526        1.5341861252
        -0.5337239162        0.7403669303       -1.9029203729
         0.2707659448        0.1520661632        3.4043003959
        -2.6453813070        0.0348735281        1.5012189091
        -1.7353840734        2.7251178600       -0.4331028469
        -0.8073042554        3.5054332546        1.1367667673
        -1.3730828005        2.2828070826        2.1003081140
        -2.3718834208       -0.9308209743        1.4635284384
        -1.8093199949        2.2877261183        0.4483936600
         0.5804024070        1.1412167349        2.4156319897
        -0.7840058773        1.6513234740       -1.6761196023
         0.0353095054        1.7964712378        2.9904877469
