         2.3016773480       -0.1237637177       -1.1385235911
         3.6981192021        0.2454352272       -0.2600519955
         1.8061576792       -0.1920814478        2.8853225346
         2.7062702630        1.6532474565       -0.3628884059
         1.4708750272       -1.0861535672        3.0748317601
         0.7973965510       -0.4327876509        3.1522035157
         1.6830910822        2.7922884254        0.7115111355
         0.0830226555        0.2345688924        3.1449572868
        -0.3179370812        1.8224108916        2.5284082039
         2.6797458015        1.8220796662        1.5388871657
         2.0449896583        2.2320126696       -0.8619678209
         0.6561977360        0.2290219110        0.4058001505
         0.9553483863        2.6207497103        1.3574642173
         2.6955191153        0.1150772144        2.5805039597
        -0.0803790065       -1.4135436596        2.5002748554
         0.7155166476        2.9609782114        0.4418962088
        -1.2176933461        0.8648016276        0.1906632658
         1.7238729175        1.6167375694       -0.1748452305
         2.3407414530        2.4586952508        0.0515511163
         1.8511809753       -0.9044067290        2.2234548089
         0.2576919979        2.4675203640        2.0321190463
         2.7726382828       -0.6487234801        2.0239455632
        -0.1126649945        2.1223960032       -0.8614409050
         3.3670291753        0.2115981504        0.6635534801
        -1.9533186180        1.1392515863        1.6948529768
         2.0314068585        1.8185728796        0.7772366440
         2.8266336277       -0.7821171888       -0.6046663298
        -0.3469559140       -0.5779590158        0.9490773315
         3.1030404203       -0.6248950664        1.0821397207
        -1.1785810264        0.7286400565        1.2300467811
         0.3921925015        0.1648386959       -0.6950112825
         0.5502904774        1.7267103871       -1.4310727706
        -0.3335798945        1.1179039428        1.6735094780
        -1.3750119646        1.8304625974        0.2403290402
        -0.2147281312        3.0864239262        0.1963104559
         1.4007758725        2.6327602174       -0.2272906054
         0.1121388798        1.1161619751       -0.8354286893
        -1.8162894707        0.2311789872        0.6382133111
         1.3556001957        0.0566138768       -0.9193107297
         1.2070602906        2.2684782082        2.2663058764
         3.0529507296        0.1764036530        1.6352260496
         0.5646654881       -1.3633324553        3.2074624719
         1.4670280539        1.5003149435       -1.1723785313
        -1.9527170744        1.1670284143        0.7401597754
         1.3120666375        0.7906445496        2.0082533310
        -0.6103135256        1.5140412053       -0.2815686979
        -0.2933992610        0.5695566403       -0.1097186632
         0.3141624404        1.1803534455        3.0494450250
         2.3763870734        0.0647239515        0.8565347402
         1.2472881495        1.4533311304        2.8348373675
         2.3819858037        0.9494022635        0.3308861815
         1.0313161107        0.8403074557       -0.3760256466
        -0.2498818846        0.4510269076        0.8781264803
         1.8896001972       -0.6280516542       -0.4101415233
         3.0013917962        1.8589920050        0.5665759489
        -0.8202385859        2.4704277834        0.7085640212
         1.9864294569        0.7530621355        2.7261441023
         1.3409070358        1.0184608171        0.5882487792
        -0.7818676059        2.4702262008       -0.2537297609
        -1.4036529771        1.7952456490        1.2135360751
         0.3493419024        1.1880237303        0.3353797165
         0.9199586231       -0.4988200261       -0.2209557900
         1.1053042543        2.4285902301       -1.1158920656
        -0.5645953938        2.1285832243        1.6162745032
        -0.1573244743       -0.7482429391        3.2535078574
        -1.4322283054       -0.4185181877        2.1644992469
         0.4426317966        2.7898670362       -0.4722843679
         3.0260565718        1.0292174225        1.1091876386
        -1.9795294238        0.1989542100        1.5757054482
         1.0977615629       -0.1881157607        2.1975989362
         0.2797017434        1.8294906788        1.1744942025
        -0.5805806634        0.0995288904        1.8010627168
         1.5440109063       -0.6764892117        0.5313603280
        -1.2739535886       -0.3481726711        1.2130221737
         0.5167355183        2.1098380872        2.9076958986
        -0.9094319887       -1.0204483429        2.7389452621
         0.5340463162        1.4961245913        2.1144032690
         3.1262303119        0.8655376890       -0.7801530408
         1.2809209973        1.6480953768        1.4392501532
         0.0338333965        2.1526667263        0.2275005544
         0.8426377684        0.7689757670       -1.3597925649
         0.5694539677       -0.7944796178        0.6600065140
         0.2462562960       -1.1090645696        1.5652606846
         0.6071680222        0.8529910865        1.2548609011
        -0.0374555143       -0.3661018528        0.0281892101
         0.0926056244       -0.4647682565        2.3448652830
         2.0504002495        0.0514840763        1.8701806768
         2.0959699398        0.7704716978       -0.6462441760
        -0.6728964525       -0.9259302911        1.8244379355
         3.4185506648       -0.5815266761        0.1151033730
         1.9628927965        1.5992683410        2.1769133606
         2.6950932247        0.9590222011        2.0786262628
        -0.5773843994        1.4495540325        0.7347527186
         1.0389893587        2.0185174407        0.5171532287
        -0.5272150458        0.8710446630        2.6382682648
        -0.9285278002       -0.0557521528        0.3439990598
        -0.7686825321       -0.0799641451        2.7907816319
         1.1898334861       -0.8358346699        1.4399494625
         2.1772519620       -0.8237290540        1.2890607748
         2.0530305204        0.9327784057        1.3267313303
         0.0123905515        2.7903556284        1.1020460538
        -1.1425244426        1.4834730274        2.1108388278
         1.0444623230        0.5065905952        2.9558404160
        -1.3805603223        0.5453793372        2.2475133587
         1.3780690701        0.1444912158        1.1201759915
         3.2563836730       -0.0578401553       -1.0404408790
         0.3144643342        0.5126028470        2.2167904476
         0.4291442892       -0.1292850271        1.4002179871
         3.3483868351        1.0531308153        0.1549342874
         2.6056123035        2.6226270272        0.9729523807
         2.7133966799        0.0940251863       -0.1602055428
         1.9158073520        2.4399930322        1.6121569628
         1.6770036738        0.2017117420        0.0992060083
         2.5122910960       -0.8102053995        0.3298196003
         0.8746720647       -1.1907275145        2.3243150887
         2.4408781911        1.4221882693       -1.2866187349
         1.8052145205        0.6588342212       -1.5696063738
         0.7448763281        1.8130627582       -0.4448273969
         2.7439663635        0.5795824897       -1.6032234507
