         0.5558801823        1.6919233703       -1.6807534805
         2.2621919331       -1.6175300515        0.2339846148
        -0.7495641295       -0.6532882618       -1.4432691602
        -0.0602804639        0.6868660202        1.5357295933
         0.4188313025        0.8484003696       -2.1885119625
         2.5656654189       -1.1738714110       -0.6161332524
        -0.8377462821       -0.8421005313        0.5589126573
        -0.3599849789        0.9414808806        0.6556738996
         0.6616241109        1.1792806404        1.0955890220
         1.4324659372        1.8835161136       -1.1753121334
        -0.4924069685       -0.8502260071        1.8914438127
         1.6409454730       -0.1982170222        1.5062288558
         2.8733085720       -0.2146176736       -0.6383231610
         2.5802451776        0.7927780645       -0.5562298597
         2.1827984092        0.9184397572        0.3456388473
         0.7300134379       -0.1553805166       -2.2713527395
         0.2489350498        0.4309829074       -0.3592052428
        -1.2741824072       -0.4895939565        1.4214641011
        -0.7584349430        0.1327997351        1.9293867973
         1.6733855390       -0.9388473316       -0.1141182890
        -1.5304026839       -0.0186336410       -1.4108939093
         1.3538350351        1.5049167941        0.4884347420
         0.6565841982       -0.6320536312       -3.1265988633
         1.3355453575        1.0797447893       -1.7548596421
         1.6064914841       -1.4339043047       -1.0200750221
        -0.1914128147       -1.8163201069        1.7705518200
         1.3218867559       -1.1603610432        1.5698942966
         2.0232451876        0.0464653425       -0.1315894868
         0.1430142035       -0.9096739339       -1.8712226244
        -0.0488948995        0.9645615591       -1.2283061973
         0.4450654590        0.3549560134        0.6480764723
         2.5461379953        0.3031180866       -1.4143998751
         0.1248800024       -1.3601204765       -2.7323870355
         1.8098450386        1.4242361815       -0.4044118577
        -0.5649396926        1.0590448978       -0.3013956361
        -0.2152823078       -1.8756788469       -1.9316628072
        -1.0712179983       -1.6856583528       -0.5642231789
        -1.5757307997       -0.8521096807       -1.9527792051
         1.2789848485        0.6491862334       -2.6530734101
         1.3445924320       -1.9050907255       -0.1014974507
        -0.3357122281       -2.1021936327        0.8503186290
         1.6177132450        0.0686417901       -1.8514256326
        -0.7373784449       -0.7324849700       -0.4279170860
        -0.5700145567        0.0987876978        0.1678920575
         0.7143445701       -1.6590488957       -1.4421058366
        -0.9810708771       -1.4971551594        1.3393573168
         2.4737059050       -0.1734799177       -2.2670079810
        -0.7452952812       -1.1278182586       -2.3501066184
         1.0488834196       -0.4269758000        2.1998165464
        -0.4981145442       -2.3141284059       -1.0717805797
        -1.6456224741       -1.0276241323       -0.0484847498
         2.4581957006       -1.6423960581       -1.4626408970
         0.6317237258        2.3897511646       -1.0432405026
         1.4976713442        0.6685830774        0.9992123101
         1.9442508254       -0.4551090233       -1.0191461935
        -0.1825033164       -1.4072044264       -0.9920480025
         0.5210543747       -2.0870627962        0.4088760024
         0.7192568088       -1.1857325949       -0.4909523913
         2.1952142098        1.2600012994       -1.3248398162
        -0.2979947131       -0.1833243796        1.1246903506
         2.6436891677       -0.6658570084        0.2165335237
         1.5301077573       -1.8061032258        0.8523082417
        -0.1507161315        0.1000143861       -1.7889424991
        -0.1268838091       -1.4244595946        0.0437616949
        -0.9711026941        0.7224287447       -1.7199414140
         0.8432520147        1.1897061498       -0.8062753830
         0.8881961988       -1.1682912781        0.5239461069
        -0.1968885870       -0.3891194670       -2.7119908021
         2.1937926213        0.7887127478       -2.1885983059
         0.7375610635        0.3010021062       -1.3227882409
        -0.3757959811        1.4271782804       -2.0307118851
        -0.8461790564        1.5236795930       -1.1453803637
         0.6767592355       -1.8466836154        1.3292690670
        -1.4064714558        0.8083184371       -0.8173304574
         2.0572945358       -2.5106013783       -1.4425732656
         1.2468360530       -2.3984286301       -0.9592742201
         1.5934609327       -1.8747261734       -1.9714019554
         1.2030778154        0.6778199353        0.0176249269
         0.3424250242       -2.5621076377       -1.4783336930
         0.2577215188       -0.4869919312        0.1119410348
         0.1552177196       -0.4345554575       -0.8974518040
         1.3014103355       -0.2179707601        0.5365335836
        -1.0695119191       -1.6029304049       -1.5399992309
        -1.6080457100       -0.9385421677       -1.0074962208
        -1.0383586776       -0.1204225204       -2.2680133176
        -1.0727519344        0.4313560022        1.0567791505
         2.9328411093        0.2856856322        0.1800043546
         0.8611613884        0.4233671982        1.6989532911
         1.0209291425       -0.6730663040       -1.4021656767
         0.3766709130        0.3301390343       -3.0481891890
        -0.2281453982        2.1727522837       -1.4500022825
         1.6505204909        0.5545792961       -0.9368660682
        -1.1386371488       -1.7813054602        0.4059414877
         1.9600096550       -0.9206896037        0.8697014960
         2.1929762088       -2.0950975715       -0.6029289690
         2.2899621241        0.0451695552        0.8364595136
         0.3689869740       -2.1512971386       -0.5630083958
         0.6499337862       -2.0987338907       -2.3180406477
         1.0043721374        1.9906896613       -0.2699756373
        -1.5993625244       -0.1975772203        0.5350004803
         0.4106657746        1.3052513136        0.1601153115
        -0.6528110440        0.2094628401       -0.8603047878
         0.4373604817       -1.1391960153        2.0103474100
         1.0058735425       -1.1695379294       -2.3529550002
         0.6747522252       -0.4604023497        1.2744012909
         1.6062170887       -0.4756637787       -2.7447381328
         0.0277743385        1.7920557179       -0.6177890533
        -0.0058958204       -1.1874046797        1.0428672280
         1.0356538156       -0.2123662405       -0.4809608010
         1.1974254122       -2.7276002593       -1.8493350453
         2.7637083883       -0.6941786589       -1.4840871488
        -0.4734015974       -2.3117142265       -0.0954534661
         1.9225875957       -0.9381935090       -1.9193026810
        -1.5335563164       -0.0963856730       -0.4347123669
         1.2214038652        0.0801626668       -3.4075800657
         2.0883815566        0.2989554850       -2.9974555729
        -1.3418852602        0.6736696382        0.1478273079
         0.1442489522       -0.1316348117        2.0924541944
        -0.4436141792        0.5940594819       -2.5731397039
        -1.7379578982       -1.1302705544        0.8814990240
