         0.8768513856        0.9335140412       -0.3268948039
         0.0564321734        2.8851008617       -0.7957908782
        -0.4372132102        1.0646524507        2.3942724945
         2.5977378350        0.5876411531        1.4864859240
        -0.0069554725       -1.5116860504        1.2697916476
        -0.1948807020       -1.2128589670       -1.3696616711
         1.6841090780        1.0246192538       -1.1766951989
        -1.0475815087       -0.8560011801       -1.0728481242
         0.4641504692       -0.6423263202        0.4483251511
         0.9481803867        0.7871472735       -1.8877422910
        -1.5850174998       -0.1414764399       -0.5974793108
         2.0008026768       -1.2034016237        1.1081915107
         1.5630040088        0.7129763314        1.4267696340
         1.4701763266       -1.3423044708       -0.7216971431
         0.0767321274        1.2424586157       -1.8443083741
         0.5803279588       -2.0582856967        1.9006518271
         0.0956291216        1.6057211908       -0.4904282132
         0.6064686539       -2.1906156020        0.7844285086
         0.6158769564        0.4045684737        1.5951313489
         3.0113027576        0.0791386431        0.7928095214
         0.2397027651       -0.7742310106       -2.1169677745
         1.2501138471        0.7643794945        2.3852264461
         0.7936962202        1.8110957876        0.2295088671
         2.1903165754        1.4720293889        1.2491500411
         2.5328536407       -0.6870908550        0.4622880990
        -1.6011966562       -1.0108023319        1.8289144026
         0.8880533876        0.2941014140        0.5837546044
        -0.8176830012       -0.7702296307        2.6421038250
         1.0416343515       -0.1939365334        2.3027952971
         0.3351918940       -0.5581995523        1.4696602241
        -0.6707567367        1.7575403331        0.2185524390
         1.5466796865        1.0704832579        0.4374988635
        -0.5113625451       -0.8506483509        0.6497635665
        -1.3210350493        1.5530175304       -0.4573410153
         0.0573160338        2.1060849635       -1.3411896115
        -1.3426900177       -0.1121085006        2.1280098769
        -0.1441864998        1.0613630812        1.3660277687
         0.1010281382       -0.4943259404        2.4802618072
         0.2575453188        0.1572283751       -0.1699524804
        -0.9461988228       -1.7217289617        0.3576041167
         0.0100429591       -1.5983994383        0.2249015623
         0.7291568846        3.0793931688       -0.1141051562
         2.1366716815        1.0701006850        2.1652631958
         2.4407459526       -0.3944523799        1.4369785497
         1.4671595256        2.0734586305        0.9816088023
        -1.4121712839       -0.0547499876       -1.5317845417
         0.4989305025        1.3383463553        2.1152696792
        -1.5909374949        1.4859270035        0.5106479212
         2.1395710645        1.8042912685        0.3146272060
        -1.9766091970       -0.2491863981        1.3672661987
         0.1467130565        0.7029115496       -1.0629082507
         1.5431113505        1.6951559471       -0.4582456889
         0.3186719473        0.4565445050        2.5603558164
        -1.3708967946        0.7553591020       -1.0205808029
         1.1794736586       -2.6215255395        1.4206062290
         0.0106489289        1.9663010640        0.9250840947
        -0.5925518302        0.8785185725       -0.3452738334
         1.4220994393        1.6321562882        1.8808526004
        -0.6291706506        0.0334275099       -0.9062784713
         1.7751423015        0.3034124063       -1.8055067596
        -0.5856398376       -0.4054747809       -1.8388538879
        -1.8578873514        0.6206054081        0.9164594131
        -0.6270699760        0.1682196548        2.7638000121
         1.0790609068        0.2493802151       -1.0624574552
         0.6619390372        2.1702311915        1.5999420618
        -1.0339007437       -1.6207540495        2.2828437952
        -0.6964252810        0.6043995201       -1.7309826994
         2.6287802848        0.1440935409       -0.0807657861
         1.5834157138       -2.0291282207        0.7961717267
         2.6083045581        0.9522987147        0.5503443372
         0.4295009839       -1.4592591749       -0.6731495313
         1.9930123056       -1.4464248621        0.1252815426
         1.4641904792        2.5133192654        0.0983037459
        -0.8032427752       -0.0270990564        0.0984555992
         2.1924275174        0.2111022132       -0.9572097385
         0.1513624416        1.0012167984        0.3748453318
        -0.6445905600        2.2499922089       -0.6636800845
        -0.9496193056        1.7464449117        1.1994847718
         2.2065628207        0.9965805299       -0.3314000620
         0.8602738984       -1.1035960869       -1.4580131179
         0.2412930478       -2.8084500733        1.4120327454
        -1.3608311871        0.7772676207        2.5622102764
        -0.2693639267        1.8971225583        1.8830370142
        -1.4942492982       -0.9900416296        0.8659026281
        -1.0942451220        0.7845263920        1.6171681433
        -0.3799173473       -2.3259541868        0.8700254833
        -1.0380789583       -1.7235326363        1.3247285472
        -1.7687216663       -0.1990748965        0.3737889877
         0.9212276983       -0.5964546254       -0.4639640656
         0.8177102369        2.3296502593       -0.6868752178
        -0.6511770902        1.4329263242       -1.2055393430
        -1.5855177472        0.6868502546       -0.0553342699
         1.4729393515       -0.6517996516        0.3981562961
         1.5598996189        0.2081492825       -0.1798151025
        -0.1831357576       -0.7338868447       -0.3446935320
         1.3271461938       -0.3147788097        1.3480899820
         0.9792337770       -1.2703000547        1.1150860447
        -0.6503936176       -0.8358987561        1.6835589103
         1.7697116909       -0.8597854144        2.0067194687
        -0.0994480433       -1.4299714966        2.3072646894
        -2.0144928472        0.5753497202        1.8847337715
        -0.0655759663        0.1264328957        0.8132609237
         0.2673806048       -0.3456723231       -1.2069536409
         0.0025400439        2.4924138013        0.0674769330
         0.8389625622       -1.1314995246        2.1146589762
         0.1509903932        0.2522277625       -2.0155225234
         1.9623657872        0.1039095300        2.1169986472
         1.0140343799       -1.5196370597        0.1225494249
        -0.6041482876       -1.5688665875       -0.5567767453
        -0.3317583365        0.1351799767        1.8342834218
         1.0061655151       -0.2350194157       -1.9752168785
         2.0135388600        0.1574361171        0.7179782467
         1.5216905481       -1.7879387628        1.7523092575
         0.8138604540        1.4718123726       -1.2099762369
        -0.8446281508        0.8439996279        0.6324006401
        -0.4009292251       -2.2498598547        1.8478773492
        -1.2207613564       -0.9213787985       -0.1084756269
        -1.1833788549        1.6280052052        2.1373197093
         1.6433375116       -0.5524641224       -1.2874092439
         2.0886655299       -0.6372869409       -0.4196109143
        -1.8354134654        1.4258634392        1.4597565292
         0.8008340530        1.3093567225        1.1162377935
         0.7261473135        2.6627752913        0.7434944737
        -1.0579682268       -0.0987739064        1.0829014512
