        -2.6819756523       -0.6896887999        1.4662022710
         0.4056867379       -1.7485777160        0.4981444149
        -0.1787503740        0.9938324725       -1.3153184827
        -1.6153214164        0.5391976501       -0.6219030048
        -0.3246669148       -0.6688626267        0.0490908899
         1.0906191438       -1.8775133970        1.8859263728
        -1.5577456509       -2.0245193121       -1.8518899975
         1.4418446533        0.0767225992       -0.9138862675
         0.7408306656       -1.3405166657       -1.4326609426
        -1.0065665998        0.7750526185        2.6431228550
         0.3855092498        0.4684858387        1.3358303568
        -0.4365362306        1.2077953164        0.3412992654
         0.4329915677       -2.3205000405       -0.4431338056
         0.6067675477       -0.2868972573       -0.4911286235
        -3.8869839571       -0.4043989403        0.0102534111
        -2.8867628806       -1.4115709248        0.8004999193
        -0.2425569049        0.2225306256       -0.6782965963
        -1.0062968120       -1.3544773775       -0.8928825281
         0.5120600295        1.0493170411        0.5531779147
        -0.7885976229        1.0944897249       -0.5911274579
         0.7678558449       -0.3642498850       -1.4767298264
        -1.7673382179       -0.1517602614       -1.3351729718
         0.6309458712       -2.6979779723        2.0040790084
        -1.3026229655       -3.2159153642       -0.0999961258
        -2.3766146065       -2.2510631003        0.8506866295
         1.0047271437        0.5851554274       -0.1836528244
        -1.6161351492       -1.7061516290        2.3148172359
        -1.8299263550       -2.9612415615       -0.8755620356
         0.6444914237        0.5577382834       -1.1220582342
        -0.8757674364       -0.4978957017       -1.6468426851
        -1.3015360128       -1.0685207717        1.5567143627
         1.3893726639       -1.6724658721        0.9650204242
         0.1197607924        0.2186404053        0.3070341398
        -1.9704627653       -0.8941984519        0.8079900997
        -1.0578530385       -0.3756588635       -0.6515072978
        -0.2775801731        0.6430163101        2.0505595211
         0.2850847222       -2.7542635243        0.4329090581
        -1.5151291146       -0.0141436519        2.4698740238
         1.5066265007       -0.2964866789       -0.0362045032
         0.6129576465       -1.1453605311        1.3297470994
         0.1693841871       -1.8368502044       -2.0767748046
        -1.3603670608        0.6870225410        1.7661352231
         0.2642435777       -1.8232901556        2.4182764495
        -1.7657230019       -0.1981266109        0.0822161332
        -0.1617763155       -0.7783659565       -1.0005110124
        -0.6226205555       -3.2349880715        0.6182325446
        -0.4559451172       -2.7592873324       -0.2400024374
         1.0014745965       -0.2704091557        1.5807535490
        -0.6366720305       -2.4093116090       -2.0235210129
        -0.0653542432       -0.4151843134        1.0917363742
        -0.6749888238       -1.7818962035        2.6165183448
         1.1700865051       -2.2441648412        0.1909553850
        -2.1321060587       -1.6351662677        0.0820907200
        -1.8316043330       -0.1714325867        1.5213019317
        -0.2904019664       -2.6331991186        2.2076135938
        -0.5164193178       -3.3430342962       -1.8506607016
        -0.7400291406       -1.4441999239       -1.8533005049
        -2.2963735929       -2.5810223600       -1.6251570619
        -0.9320554156       -2.9687010148        1.5152757538
        -0.9769183007       -2.3735461150       -1.0619268929
         0.0183185326       -3.0179185427        1.3240680523
         0.2334024468       -2.7943679689       -2.0750956247
        -1.4701137509       -1.7905763655        0.8465183984
        -2.9949569983       -2.0848064069        0.0739988700
        -1.0970725115        1.3408738114        1.0498938976
        -0.9124574882       -3.3490549114       -0.9814997237
         0.1292293404       -2.0340730320        1.4376145045
        -0.0653990224       -2.8545237920       -1.1664494938
        -1.8768340402       -1.9272355383       -0.8823380356
         0.7258624861       -2.3154668029       -1.4166398884
        -1.2746294855       -2.1959850463       -0.0805298972
        -1.2048908773       -1.1339942814        0.0892674200
        -0.5679605718       -0.0639072303        2.7359724568
        -2.2861495894        0.6438572174        0.0779136648
        -1.6282145280        0.5074536541        0.8124435002
        -2.5156960665        0.0052790332        0.7897975552
        -0.0755329530        0.0782276583       -1.6574982876
         0.1984495812        1.0746013051       -0.3900646126
         0.0392630384       -0.8621598456       -1.9394501386
        -0.1335236072        1.3112971213        1.2752052161
        -2.0232628469       -0.8247708678        2.2025508786
        -2.7162202273       -2.4169273415       -0.7912466641
        -2.6546673341       -0.7279837197        0.0537864185
        -0.4819841485       -1.2836257123        0.8137145404
        -0.1131898946       -0.9529744531        2.7520369391
        -0.6015786470        0.4761049355        1.0619258255
        -1.0305974800       -0.4331110668        0.7816136707
         1.0591397043        0.1828415399        0.6970837406
        -0.2928711224       -1.1418953891        1.8355406389
        -2.5870413045       -0.7248751470       -1.3427871675
        -2.1751602512       -2.6525763048       -0.0146225204
        -0.7952297944        1.4303237371        1.9492636625
         0.1660438238       -0.2579846655        2.0903633210
        -1.2215792025       -2.5771688391        2.3806154676
         0.6261204131       -0.7106648596        0.4220997592
        -1.0760817705       -0.8886771809        2.5435275986
        -1.7820551867       -2.4304558943        1.6228963469
         0.4912568959       -1.3025992322       -0.4215198207
        -0.8933845469        0.3227255796        0.0966325196
        -1.4013564938       -2.9931138043       -1.7529008720
        -0.3955664520       -1.6874256023       -0.1310070100
         1.5407613428       -1.0482978822        1.7428799414
        -2.4881082404       -1.6540141844       -1.5897446027
        -1.9209745055       -0.9146463341       -0.6558640911
         1.3916880735       -1.2928019857        0.0626610717
        -0.8671585016       -1.9823369667        1.6498083718
        -0.5636946529       -2.2811337771        0.6914650566
        -1.5107139252       -2.7920635535        0.7420009093
        -0.9636146785        0.4373190531       -1.3508391592
        -1.4313362463        1.1620507186        0.1349660489
        -0.8137414300       -0.2117956418        1.7901202259
        -3.3419641985       -0.5376377567        0.7575285692
         1.5254643392       -0.6907532501        0.8625026292
        -2.2320373030       -1.5516389675        1.5538300278
        -3.1370575182        0.1526659211        0.0386848500
        -1.6888945079       -1.0889678523       -1.6201437141
        -2.8371967974       -1.4509805719       -0.6936312028
        -3.2912879923       -0.5561296831       -0.6887416140
         1.2498034526       -1.8567176567       -0.7274384579
         0.9321290871       -2.5196217604        1.1070817648
        -2.4701619270        0.0016914625       -0.6685011838
         1.3708733480       -0.8789472522       -0.8347572138
        -3.4986171189       -1.2499821792        0.0350028625
        -0.1196236380       -1.8105138737       -1.1362791275
         0.7597897832       -0.9988829574        2.3008852606
