        -0.9306385872       -1.7160474558       -1.3992359619
        -0.5018235886       -1.1968773234       -0.4776985853
        -1.0926651410       -0.8186656597       -1.1576781712
        -0.0738010491       -1.3649092804        0.3843176597
         0.4662167675       -0.9529531257       -1.0309163726
        -0.0669219134       -2.1791118897       -0.0920473750
        -0.2873072424       -1.0529630903       -1.5894190974
        -0.2687805235       -0.3685820642       -0.9404381811
        -1.4071177120       -1.5418710665       -0.6039202465
        -0.8204459219       -2.2791218555       -0.6505501016
        -0.0122466736       -1.8288620681       -1.0250606191
        -0.8976856665       -1.8149928765        0.1670776691
         0.5764094319       -1.5160275249       -0.2822305117
         0.2406515227       -0.6417038750       -0.1694402658
