        -0.0003944796        0.1841524891       -0.4060220258
         1.3007958482       -1.1130557516        0.0275891320
         0.0992017445       -0.6159307324       -0.9757991988
         1.5117768698       -0.4241232766        0.6587328856
         0.8682573006       -0.2260505613       -0.0534179472
         0.8209032178        0.7185624805       -0.3464942919
         0.7508394540        0.0544090937       -1.0017346894
         0.3345840087       -1.0943683041       -0.1449013257
         0.7501222208       -0.0336894489        1.0399859527
         0.3287637956        0.5754635087        0.4299972729
         0.0015496265       -0.3439261684        0.4812850126
         1.2700907189        0.4983263135        0.4703349455
        -0.4777571130       -0.6200076486       -0.2556097097
         0.9891180576       -0.8550348239       -0.8159929840
         0.7271336640       -0.9450047562        0.7405324951
