        -1.0651600341       -0.4549407710       -0.5106548035
         0.1156450690       -0.0388386537       -1.4071498638
        -0.8583599537        0.0668638571       -1.2965950376
         0.3174425133       -0.1343230976        0.5872866117
         0.8382330515       -0.1624778532       -0.2494126769
        -0.5242924338       -0.5474865077        0.3559282963
        -0.9504021742        0.5636459643       -0.4735007769
         0.5535961302        0.5797472126       -0.8034627624
        -0.1457215657        1.0734330211       -0.3142692843
         0.3724319697       -0.9238040112        0.0909951563
         0.5505095991        0.6568067714        0.1486496027
        -0.4668693131       -0.7801944561       -1.2537411661
        -0.1441573848       -0.0450397633       -0.4346915525
        -1.2329589788        0.0524611977        0.2552835968
        -0.4095345741        0.4711002279        0.3930823226
        -0.3951958833       -1.1408922615       -0.3950391365
         0.4002819888       -0.7810637194       -0.8530997774
        -0.2887916836        0.8004163265       -1.1960867193
