        -2.0334403191        0.0619096906       -0.1452646681
        -0.6376106437       -0.9365892387       -1.0684689963
         0.0373276879       -1.5918436878       -0.9646519923
        -0.7896951412       -1.5040581650        1.1899256984
        -0.1066807186       -2.0312242286        0.8612649045
        -1.9978129223       -0.8755989511       -0.1604290389
         0.0512856707       -0.8908939129       -0.3515088238
        -0.2360458346       -0.2263176235        0.3045409838
        -0.9488872436       -0.9562074599       -0.0895005587
        -0.8829437787       -1.9535745376        0.3469900617
        -1.8352187621       -0.3681142749        0.6433025228
        -1.5696292187       -1.2953521210        0.6520343602
        -1.5347524028       -1.2485273401       -0.9400662273
        -1.4149569173       -0.3189114994       -0.7509068336
        -0.1259642565       -1.1331156051        0.6041239447
        -1.1370334320        0.0573644929        0.1319640406
        -0.8062737793       -1.8203672870       -0.6428081065
        -0.9264887562       -0.5982786573        0.8704989293
        -1.6663444250       -1.7765593672       -0.1813086605
        -0.4940957275       -0.1206024230       -0.5865717339
         0.0026776262       -1.8413806759       -0.0664263932
