         2.4026614184       -0.3449645253        0.8692882275
         1.6971231314       -0.6557762194        1.3873046412
         1.8501761091        1.0497025432        0.3979046569
         1.6688303414        0.2951582319        1.0564170572
         0.9963254654       -0.0741442320        1.7086802633
         2.1833007652        0.1601973052        0.1220866290
         0.9126475775        1.2589882227        0.1431812076
         1.1976339362        0.9113360936        1.7312278138
         0.3802858279        1.3766509135        1.4135390969
         0.1163657844       -0.1417548950        1.2752684762
         1.2490419920        0.3480986049        0.0275741988
         0.6870427823        0.5822124436        0.8942431540
         0.3286673205        0.5776322948       -0.1477380010
        -0.3304045355        0.7531652634        1.2841881851
         0.3290295174        0.5655511686        1.9257694099
         2.5851082610        0.5934955204        0.8465731815
         0.5365368116       -0.2505923737        0.3473834029
         1.5201903525       -0.5001002905        0.4619964942
         1.2275688194        1.5222793882        0.9933123339
         0.0244576374        1.2039517413        0.5167061272
         0.8239160232       -0.7708546035        1.0797099289
        -0.2730898606        0.2583175186        0.4900783688
         2.0358532332        1.1724794465        1.3287803908
