         0.2895091180       -1.0343302219        0.3649283503
         0.8017205699       -0.1996628217        1.9084747852
         0.3584315909        1.4896149636        1.8610643594
         1.1988313978       -0.6586034783        0.2110217039
        -0.4095806701        0.3743899281        0.7311231967
        -0.2886241314        0.8987139459        1.5362566056
         0.6807140880        0.6294099753        1.2599148483
         0.4899346731       -0.1123186155        0.6156868392
         0.9656426513        0.9977348739        0.3420417092
        -0.3028956583       -0.2642755404       -0.0012092855
         0.3772061327        0.6117045715        2.1938768583
         0.3942497869       -0.8559497551        1.3110498509
         1.6295483274        1.0531851356        1.0778740248
         1.5723813712        0.2656440926        1.6038282539
         0.1644601062        0.5844568017       -0.0276323683
         1.2832023201       -0.5552142111        1.1608512165
         0.8757867559        1.6129870821        1.0963472076
        -0.0859051326       -0.0405222949        1.5834505984
         0.0860661335        1.2127394118        0.7018737370
         1.2065112213        1.0987538783        1.9354955654
         0.4957969309       -0.5323092921       -0.3985975392
        -0.4064963772       -0.6089988345        0.8661480367
         1.0355048819        0.2079375170       -0.2139487257
         1.5099182490        0.2051247941        0.6229568968
