        -0.4552672827        1.5478921350        0.2432348980
        -1.6177408616        0.1949164715        0.9322136462
        -0.9712872691        0.8370043260       -1.1323008345
        -0.7888099877       -0.0057437355        1.4637264450
         0.1165046981        0.7710879079       -0.0076655634
        -1.8354316442        1.1339278950        1.1923058902
        -0.1059782987        0.1910962061        0.7355315621
         0.0432871384        0.4796654301        1.6289770049
        -1.6434946762       -0.0695729506       -0.0027439865
        -1.1610095206        1.4098888318        1.8206687957
        -0.1916634058        1.3759999293        1.8252917786
        -1.5354555369        0.5087384577        1.8324953914
        -0.8616894215        0.5931451045        0.0181400514
        -1.8246093408        0.8778956934        0.2547057206
        -1.2477694499        1.4036017130       -0.3783706483
        -0.6875744405        0.6481904845        2.1903674301
        -0.3184418720        1.3254735483       -0.6708799233
        -0.9036675918       -0.3149205131        0.5378473172
        -0.8536660082        0.8789870871        1.0440080807
         0.0973337023        1.1471172792        0.9304340625
        -1.3585764044        1.6605997702        0.5638122032
        -0.1626105774        0.4108448997       -0.8614785209
        -0.2478010612       -0.1830834713       -0.1451260181
        -1.0090596256       -0.0428966760       -0.7256686875
        -1.7372409008        0.6033014733       -0.6578331029
        -0.6246161009        1.8501219458        1.1463738793
