         0.5118245018        0.6448965151       -0.0170477876
        -0.4205614027       -0.6288297822        1.0641683329
        -0.2280147566       -0.9026114393        0.1810602736
         1.1168284680       -0.6176563385       -0.8425363400
         1.9175056165       -0.1081034460        0.8817498875
         0.0626016638       -1.4353136414        0.9482393539
         0.8752516933       -1.6417915808        0.4523008527
         1.8665486333       -0.0214779553       -0.6802193825
         1.5285989076        0.4620706789        1.6119863415
         1.7919221193        0.8412882838        0.7822773037
         2.1666449012       -0.5973040801        0.0482670487
         0.7293718731        0.1374269349        1.9908962477
         0.0800995171        0.9377839424        0.8099827042
         0.9845928634        0.3155821729       -0.8021073379
         0.5316086769       -1.1961672345       -0.3103437883
         1.4641886918        0.8008283989       -0.1258788815
         0.9535064668        1.2382383826        0.6236574986
        -0.1197891312        0.0463141011        0.4475083873
         0.3255662054       -0.2670657384       -0.3639672391
         1.2675285888       -0.1896288633        0.0605054762
         0.6052978933       -0.6887288354        0.6589526902
         1.4785255643       -1.2099881796       -0.1937388551
         1.5900592743       -1.0237448270        0.7366447767
         1.2744718812       -0.4920982839        1.5114611471
         0.9216264657       -1.3894481800        1.3589340228
         0.3243654124       -0.6976151037        1.6458639628
         2.2651321183        0.3390417135        0.0983600225
        -0.0114118817        0.1988216994        1.4100320584
         0.7022043300        0.9687801152        1.5299592601
         0.8791499057        0.2706295288        0.8897936819
