        -1.6017876885       -1.4179202706        0.4241766207
        -0.8179227419        0.7841570121       -1.1261854281
        -2.0745454201       -0.8578264095       -1.3831198864
        -2.6768653077       -0.7152115278       -0.6619856401
        -1.2614307543       -0.7657515900       -1.9392935823
        -1.1792835884       -0.7256647445       -0.1577901066
        -0.7677200437        0.9309216377       -0.1660608942
        -1.7368617010       -0.5185384111        0.6876468825
         0.0529015120        0.8418922906       -0.6487433775
        -0.7844984636       -0.4698901049        0.7478314877
        -2.3303408229        0.0644077261       -1.1050730151
        -2.0543841492       -0.1704965994       -0.1906967537
        -1.2652118672        0.2343694410        0.2728094924
        -0.9532178804        0.1407403854       -1.8611244742
        -1.6960967101        0.6818537304       -1.5053627694
        -0.3089923445        0.3113402615        0.4141417856
        -1.6069556390        0.6317040566       -0.5591917740
         0.7609716060        0.3228810193       -0.9761837007
        -0.0359432873       -0.6021054372        0.1515918541
        -0.0547405211        0.2456978853       -1.4230735214
        -1.0932378059       -1.7614430955       -0.3045776738
         0.4810541607        0.1791673099       -0.1036267708
        -1.9526498321       -1.3255962252       -0.5075026239
        -0.6249870003       -1.3413449011        0.3919203147
        -0.4833406571       -0.6165084160       -1.3810133204
        -1.1867071591       -1.2539393890       -1.1168047692
        -1.3795317925       -0.2157597379       -1.0509313828
        -1.9158015672       -0.1006258304       -1.9659074874
         0.3033395156       -0.4763199864       -0.8010584230
        -0.3698495592       -1.1653746083       -0.5612448175
        -2.4283440675       -0.9609577389        0.2252344364
        -0.5151703829        0.0135266652       -0.5116637711
