         0.3319835167       -0.4568434580        1.0092715920
         0.0038196879        0.5863619639        2.2431157027
         0.0458062710        2.0223674001        1.3253842335
         0.1310584714        0.2301544941        0.2266156873
        -1.1473767042       -0.4774296819        1.6972217113
        -0.8074935537        1.9059655375        0.9234891620
        -0.3812934734        1.4249179467       -0.3541164329
         0.2580557937        0.5286315558        1.2697134308
         0.9483402310       -0.3476849850        0.2563571981
        -0.4244842584        1.2470673838        1.6250677807
         0.5084779118        1.3706854654        1.8960027633
        -0.3900845724       -0.2292037371       -0.6398696185
        -0.9148352114        0.4462908772        1.9067412876
        -0.3198916997        1.0909348929        0.6111103879
        -1.7002640102        0.2377266427        1.3857491452
        -0.7658989797        0.5439444966       -0.1766758792
         0.5215214667       -0.3556536012       -0.5959310750
        -0.7015832195        0.1773443615        0.9729842319
        -0.9175339742       -0.3900464139        0.1318592984
         0.6442576402        1.4123735227        0.9298482153
         1.1862901094        0.7468234651        1.5470415237
        -1.2494928084        1.0433634998        1.1377596458
        -0.5856781094       -0.7863361753        0.9632323627
         0.7175094368       -0.0496295930        1.9458157523
        -0.0014913744       -0.7282129358        0.1311383358
         0.9082854558        0.7198019050        2.4376960175
        -1.2153703184        1.3275244145        0.2057894077
         0.9800593378        0.4225686601       -0.3687428857
         0.0339648039        1.9887546110        0.3683149682
         0.4983653893        1.1872495726       -0.0218796089
        -1.5052778076        0.3901656261        0.4500954705
         0.0929553353        0.5929631832       -0.6897042800
        -0.8213419352        2.1539870912        0.0233797450
         1.0563443710        0.5947586217        0.5732422629
        -0.2281390548       -0.2574911260        1.7845570789
        -1.5285888087       -0.5119129651        0.8410805957
         1.2264408898       -0.1360656514        1.1555901044
