         1.7511350813       -0.6436313678        1.2146766036
        -0.7347108150       -1.2768471001        0.1221621226
         1.8379132797       -1.5106783345        0.7603334789
         0.5937115622       -2.4999006234        0.7929668866
         1.7144162943       -0.4726941717       -0.4960217727
        -0.1981625315       -1.7950542697       -0.4944667617
         0.6842935591       -1.4068345439       -0.1592107789
         0.8431036939       -1.5165685200        0.8517803037
         0.4622651666       -2.4030976428       -0.1609749042
        -0.0679444220       -1.8772565727        0.4727740698
         1.3476485834       -1.1807981088       -1.0607562544
         0.7590297812       -0.5152429744       -0.6915059043
         0.7448414447        0.2828442762        0.7065350841
        -0.2116433634        0.0273276682        0.8727125942
         0.1103553649       -0.8419409009        0.4817691700
         1.7017902142        0.1237439602        0.6164457678
         1.1196112307       -2.0363030562       -0.7483699393
        -0.6891347976       -0.3298406130        0.1179728785
        -0.7433739369       -0.7960023079        0.9612174175
         1.1492705429        0.2221758604       -0.1738062927
         0.6113730551       -2.0432924094        1.6453151501
         1.7244104574       -1.4040508247       -0.2040239349
         0.3459847875        0.3328654516        1.5935572372
         2.1405876513       -0.6905111757        0.3267726273
         0.7086645625       -0.5782018864        1.3033416027
         0.5375653497       -1.1824324603        2.0743179469
         1.4008608401       -1.4572746550        1.6869683009
         0.2079990983       -0.0100469718       -0.0627136306
        -0.0588174913       -1.3930361829        1.3375607649
        -0.1991453329       -0.5041567766        1.7023059693
         1.3244414097       -2.1907185737        0.2158807341
         0.5089241316       -0.2529034027        2.2920005243
         1.4272776233       -2.2783817641        1.1866838237
         1.1544148499       -0.6291820184        0.3276537100
         1.2959294157        0.1745255224        1.5127768133
        -0.1510952381       -0.8322197055       -0.5292113614
         1.3494214806       -0.5909798583        2.1002561047
         0.4372757148       -1.4080895669       -1.0929244444
