        -1.1363198236       -0.5359183077       -0.3110202240
        -0.6479188147       -1.3942831050       -1.6770704290
        -1.1520470847       -1.3997579442        0.1737339324
         0.8998780985       -0.6441444725       -0.8277949655
        -0.3197749904       -2.7756346252       -0.8144676499
        -0.1323106605       -1.8033461453       -0.9293178540
        -0.7127128260       -0.5456351229       -1.1695489903
        -0.1410012340       -2.3365982383        0.9726957549
        -0.2386422629       -1.7908422082        0.1323684339
         0.6638329916       -1.4585092030       -0.3081227926
         0.6725090268       -1.9958631541        0.5743445347
         0.0474506416       -0.0297759412        0.7770635494
        -0.3712596909       -2.7884290342        0.1600556430
         0.0851769035       -0.0861068861       -0.9072233805
        -1.0149998840       -2.2546051208       -0.3455156089
         1.2787393962       -2.1808232840       -0.6452962136
         0.4334392622       -2.4649841664       -0.2693928920
        -1.0750128844       -1.3709603642       -0.8009751235
        -1.0247909620       -2.2597849749        0.6158544767
         0.5388611096       -0.1675580179       -0.0536157845
         0.1567482680       -0.9173691079       -1.4021882669
         0.5559654001       -2.4531466325       -1.2419097951
         0.2060408969       -1.7716518947       -1.8901027353
         0.6916465923       -0.7220806193        1.5745713916
         0.9267308120       -1.5395703424       -1.2932594228
         1.3165300826       -0.7746763814        0.0824403111
         1.6170738523       -1.2869285276       -0.6736194172
         1.5089978572       -1.7289924849        0.1673438951
         0.9751861101       -0.2623762692        0.8244043347
        -0.2068164155       -0.8782783330       -0.3840380620
        -0.2170561373       -0.7014148434        1.4063286057
        -0.6252006647       -1.4897111834        1.0301841533
         1.1748426484       -1.2387382381        0.9422639464
        -0.6929000528       -0.6211492774        0.5475973645
        -0.4093033850        0.0497381029       -0.0987406420
        -0.2464468059       -2.5628795340       -1.7361967107
        -0.9862012412       -2.2106904267       -1.3081785196
         0.2912570501       -0.9721891123        0.5655593386
         0.2991022409       -1.5612262414        1.3697061028
