        -0.3525652993       -1.1135966040        1.1418827525
         0.6586632730       -0.9304745243       -1.2442005050
         0.7780247093       -1.9455102378        0.1383616365
         1.5929076633       -0.4710205426        0.0103375213
        -1.6480398137       -2.1123812718        0.8529969619
        -0.6742590310       -1.7184262975       -0.7505276643
        -0.1415890167       -1.4046895047       -1.4942845358
         0.3027329962       -1.0784642205        0.3085307273
        -0.3624516520        0.7689245939       -0.0320142319
        -1.5892779754       -0.5767980775        0.2661166494
        -1.4729203615       -1.2033208758       -0.5067234417
         0.9402257063       -0.3066109215        0.7170912900
        -1.1499232328        0.2908617403        0.2338549502
         0.6446135557        0.0568816206       -1.2348260275
         1.3743734163        0.4376046868       -0.7591651896
         0.2594343448       -1.8520753793        0.9291596333
        -0.9251223272       -0.9195695064       -1.2592587833
        -1.2111710864       -2.0177167458        0.0252164875
         1.2804828478        0.4245473770        0.1606463113
         0.5237209832        0.7078227125       -0.4318650274
        -0.9307250280       -0.3374956658        0.9529036517
         1.1084174124       -1.2122322487       -0.4000276254
        -0.2101865483        0.1617345486       -0.7740928409
         0.3354581813       -1.7310814547       -0.7147355872
        -1.9590163058       -1.4629396663        0.2796901936
         0.0563189886       -0.2280679383        1.1392896869
         0.6760919955       -0.2652252084       -0.2945301430
        -0.1446159438       -0.8612150937       -0.6177743137
         1.4459963309       -0.4666531732       -0.9386840185
         0.6087004828       -1.0337908981        1.2630026861
        -0.7230737741       -1.9795631278        0.8845859618
        -0.1906064546       -1.9856573527        0.0661621096
        -1.0243326043       -0.3314987752       -0.4968170741
         0.3922341362        0.5041022193        0.5254053641
        -0.2670145715       -0.2021647087        0.1951898134
        -0.5001591742        0.5260167824        0.8873163034
        -0.1370907091       -0.4445221482       -1.5288476958
        -1.3575854313       -1.2293547125        0.9976915306
        -0.7600344970       -1.1390842708        0.1976652998
         1.2422296571       -1.2202815847        0.5649478123
