        -0.9067650859       -1.0235650756        1.6693919147
         0.2988717476        1.3461918910        1.3494673026
         0.4909491284       -1.0521979276        2.5181890329
        -1.4471160088        0.4658044074        1.4719336339
         0.2380195439        0.5785041222        2.8720471870
        -0.3564013618        1.4688551931        0.6015605497
         0.3129153711        0.3334821479        1.1657750312
        -0.2593798362       -1.3573073958        1.0032522280
        -0.6268448483        0.1424095488        2.9327101376
         1.1957914401        0.0366167285        1.5219152883
         0.2235811465       -0.6492384581        1.6031559151
         0.0484653406       -0.5934537895       -0.4924235532
        -1.2431538491        1.0217238841        0.6637587659
        -0.3901244050        0.2457490611       -0.7124729348
         0.4875540509       -1.3433874504        0.3764789623
        -0.4152099138        0.4549902953        0.4340819701
         0.0572573347       -0.4699883488        0.5204927445
         1.1365219901        0.9256186714        1.1538572506
        -1.0663216702       -0.8824147355        0.6846857677
        -0.1587628656        0.1742182650        2.0717992314
        -0.8124877967       -0.3481573073       -0.0964857821
        -1.4017987017        0.0674637179        0.5712396178
        -0.4304438969       -0.7467772519        2.4800730337
         0.8817076685       -0.5780923900       -0.0403607567
         0.7250252067        0.7738063148        2.0228020243
         0.4908945649        1.0218251996        0.4384831311
         0.4026561456        0.2645603441       -0.1817178921
        -0.2000662283        1.0832522144       -0.2989494679
         0.1692423110       -0.3331450081        3.1007901878
        -0.4037075481       -1.2262432511        0.0498002911
         1.1554882774       -0.8777397795        1.8669468924
        -0.9915452484        1.5262082536       -0.0818766188
        -1.6248994909       -0.4667856569        1.3475477027
         1.0079854113       -0.7182579536        0.9143572336
        -0.6647657889       -0.1594985460        1.2343511278
         1.0669135065        0.1932363064        0.5350572923
        -1.1266289126        0.6160472258       -0.2339589018
        -0.5678323633        0.8910165356        1.3926729140
        -1.1644029144       -0.1789087675        2.1553294886
         0.7841885548       -0.1343175115        2.3948768005
         0.6370261843       -1.5031910471        1.3586871123
        -0.9682846434        0.7519703466        2.2874540356
        -0.1211797656        1.1791099580        2.2280367650
        -0.1123065669       -1.5170058391        1.9558720196
