         1.1346339228       -0.2625553263        0.4000498671
         0.9103637363        0.3360051171       -0.4756414882
         0.3583555193       -1.4701103330       -0.8976700277
         0.6886633842        0.0586868454       -1.4090223044
         1.2422875609        1.3071481625       -0.5320441193
        -1.0271541079       -0.0329116315        0.4395348991
         2.3761065397        0.1928386722       -1.1666625635
         2.8399055459        0.2700510399       -0.3437601679
         0.5196053288        0.5920528891        0.4705812411
         1.9081534166        1.6034127058        0.1704317467
         1.9906981119       -0.6857432073        0.6921497406
         0.8048347617       -0.9089994483       -1.5173880940
        -0.5140509899       -0.8112016981        0.4119692315
         1.4988918269        0.6268511799       -1.2281702045
         1.1425559062        0.9554451413        1.1711918861
         0.3809952439       -0.7680131597        0.8827657391
         1.2516182307       -0.7179482590        1.3066139650
         2.3814874179       -0.7251481889       -0.9066038796
         1.6788207379        0.1420735884        1.1724549734
         0.7064287257        0.0682303980        1.2792400062
         1.1804696723       -1.2539075503        0.5112976532
         0.0289891329       -0.5601369162       -1.0295604124
         1.5537449688        0.6824450190        0.2675170730
         2.1206262395        1.0363385482        1.0000588012
         0.3091005760       -1.3077335191        0.0641702035
         1.8724942904       -1.1296545117       -0.1815337796
        -0.0555379345        0.3970614182       -0.8217333592
         1.1018787988       -1.7017878851       -0.3575420194
         1.5813656662       -0.3526538714       -1.3182823761
        -0.4619201191       -1.1589627484       -0.4749137626
         0.1886346396       -0.2748245252       -0.0371908965
         0.6103741451        0.9934845011       -1.1972048049
         2.4282857069        0.1783232075        0.5371961387
         0.9710819166       -0.7265110993       -0.5463215512
         1.8794303207       -0.0895411477       -0.3435679786
         2.6731505707       -0.5999497486       -0.0068165125
         2.1481742664        0.9259198038       -0.5565344675
         1.5630890603       -1.2990415916       -1.0892795864
         0.3005643962        1.1514520998       -0.3055086862
         2.6783425513        1.0431140743        0.2260281629
         1.5571615057        1.7793130516        1.0163831941
        -0.1991493477        0.0145881634        0.8717081921
        -0.4035807537        0.5602003775        0.0734798687
        -0.7265238140       -0.2441275372       -0.4176578279
         0.9381245004        1.5010573548        0.3729635635
