         0.5471360265        1.0697313770        0.1855319364
         0.4905514812        2.1153294915        0.0363972523
        -0.1999250288        0.2398462304        0.6560016100
         0.7905160252       -0.7345042639       -1.8292707899
         1.6769252066        0.0875128763        0.2581484045
        -1.4436038787        0.8673119593       -1.4404645491
        -0.7978556002        0.1638418799       -1.5843138232
         1.4165537533       -0.7297829333       -1.0891348241
        -0.4815837103       -0.3895746998       -0.8247394163
         0.7644064785        0.0766829583        0.5391015672
        -0.3584623270        1.5680715322       -0.2410805085
        -1.1741500154        2.1850090113       -0.4110616998
         1.1470355873       -0.5608710337       -0.1898303884
         0.4482467973        0.7890411318        1.1387923548
         0.1440435649       -0.3966994553       -0.0390997549
         0.8148989112        0.3129828505       -0.4652488442
         0.3735945851        2.2058855027       -0.9382032479
         0.4194714575        0.0588928237       -2.1948204117
         0.4467081040        1.2194424009       -0.8527630800
         1.1466966798        0.0876530882       -1.4971895279
         1.3316292366        0.8271767224        0.7962297456
        -1.4732425464        1.7916801661       -1.2632400649
        -0.8022260311       -0.2204271580        0.0675337235
        -1.0150758573        0.6961292117        0.2460225976
        -1.1512854500        0.3068197349       -0.6794585282
         0.0794296100        1.6448476470       -1.7289837051
         0.4717191802        1.7207572951        0.9270808122
         1.3854948106        0.9530007807       -1.0977804959
        -0.2048550981        0.5110658119       -0.2971251298
        -1.3704835120        1.2395923691       -0.4893586177
         1.2848777547        1.6986225666        0.4253329420
        -0.1327485774       -0.5414783359       -1.7239000098
         0.4820274448       -0.6349723389       -0.9303750651
         1.5645401106        0.9465846596       -0.1432337787
        -0.8769937563        1.4833279557       -1.9236564812
         1.2097397174        1.7724274408       -0.5461276953
        -0.3398255190        2.1660635260        0.5431470787
        -0.3394735398        1.2129299884        0.7442232674
        -0.3058783814        2.5547052977       -0.3307206531
         1.0205226218        1.7612570227       -1.4868639272
        -1.1320035015        1.6565457541        0.3737796303
        -0.5486570199        1.0613121312       -1.1101722573
         1.7332979827        0.0765108200       -0.6897813219
        -0.5747956383        2.1046606722       -1.1679027307
         0.7240545466        0.9211898240       -1.8528796760
         0.1565155579        0.2945236883       -1.2608287719
        -0.2337272959        0.7771596543       -2.0653893167
