        -1.5418126367       -1.2367441837        0.2358174183
        -0.9233627915       -1.6717051838        1.7184482466
         1.4160929304       -1.5642444734       -0.1272727574
         0.8192986939       -0.6769318692        0.7901408607
        -0.6749415817       -1.5821444060       -1.1859933924
        -0.5073013122       -0.8338170443        1.9074812511
         1.2061282275        0.1820840200        0.3333846502
        -0.5789110179       -1.4989131416        0.2704160788
         0.2228355962       -1.8856650328       -1.2884825019
        -0.4804904920       -0.2197257978        1.1118663192
        -0.5054407132       -0.0919836027       -0.5122696975
         1.7469676350       -0.7378947453       -0.6481829820
        -0.8278415626       -2.4658733423        0.2589832457
        -0.2926619166       -2.1573248728       -0.5008425610
         0.3594962217        0.2547281270       -0.1615555704
        -0.9962150429       -0.9461306166       -0.5236703614
        -0.0682060295       -0.5711717012        0.2452902235
        -1.3143798760       -1.9150584452        0.8577969034
         0.5669644972       -2.0229605714        1.1458525165
         0.6921174972       -2.1536269484       -0.4734131837
         1.7644585732       -0.7791035307        0.3515004883
         0.0294967048       -1.1624207159       -0.6271501275
         0.3461658300       -0.3582435421        1.6446627082
         1.0943198409       -2.3206899928        0.3834852433
        -0.0498191131       -1.1758761249        1.1034490486
        -0.4919506958       -0.6551324458       -1.3116747796
         1.2496094373        0.1183268641       -0.6643204904
        -0.4652340871        0.3641431526        0.3328832531
         0.8561116858       -0.6750927145       -0.2468543014
         1.3712099048       -1.5390775873        0.8711923528
         1.1678576615       -0.5151337787       -1.3677906077
         1.6499528062       -0.7264952915        1.3410467519
         0.0073653643       -1.7198358777        1.9241803584
         0.3355535505       -0.2122239379       -1.0148100669
        -1.2182168256       -1.8826382989       -0.3858059565
         1.1788741930        0.0844849854        1.3257619228
        -0.4007227216       -2.1604034203        1.0910425350
         0.3427673840        0.2314264777        0.8378230431
         0.1479273203       -2.4508589982        0.3309420287
         0.8476053359       -1.2214912842        1.6609326403
         2.0262201383        0.0069814983       -0.1202146135
         0.2901525832       -0.9545355312        2.3693748996
         0.4802540328       -1.5153671685        0.2630858070
         0.3461197408       -0.9966907813       -1.5922007324
         1.9940640238        0.0065508470        0.8479877657
         1.0126819229       -1.3779269404       -0.9928396549
        -1.0784936719       -0.9935941929        1.0690512724
        -1.0464049142       -0.3947692968        0.2921901867
