        -1.2617181630        1.3200889887       -0.1426492195
         1.0099358717       -0.1341323247        1.5692433020
        -0.5580845086        1.3917947523        0.6084482191
        -0.1929613278        0.4627838845        0.9423937826
         0.6809209131        1.2078494012       -0.4794792753
         0.2666197453        0.4648741314        1.8259825559
         1.2174138174       -1.1862715809       -0.0165467054
         1.2093649397       -1.6808048133        0.8323384283
        -0.1844387104       -1.4668930834       -0.1781100307
         1.4154849445       -0.2302842479       -0.0021113918
         0.0680498852       -0.4287191357        1.4415101408
        -1.2675192122        0.3043943663        1.0505049280
         0.8657248929        0.7647237309        1.1418621538
        -0.8599805989        0.8027248188       -0.9026509281
         0.3701935131       -1.1268944375        0.6363029162
        -1.8009010867        0.7934300087       -0.7229277821
         0.6179774070       -1.9369550557        0.1251861021
         1.4142993015       -0.7452633161        0.8739692911
        -0.4576241817       -0.1129511543       -0.6107316820
         0.1927403441        0.4503421683       -0.0477521297
        -0.8237285628        1.0573428089        1.4840280166
        -0.3604271914       -0.4175344907        0.4116699472
         1.1636881782        0.7075200336        0.1876809719
         1.5955933879        0.1888541583        0.8740722329
        -0.2082025241       -0.9947774481       -1.0296464113
         0.7924765745       -1.0927086954        1.5287676816
         0.6152118055       -1.4199686423       -0.7304105109
         0.6539677043       -0.1138625433        0.6538156815
        -1.4313351364        0.2531581975       -1.4328306435
        -0.9788284706       -0.9294428341       -0.3599605970
         0.4094861942       -0.5718842188       -0.2643175048
         0.0862586865        1.2992180525        1.3700643316
        -1.7983583341        0.5204483274        0.1880135123
         0.1137270582        0.6770353816       -1.0449940238
         0.3568105071       -0.2564233146       -1.2372595696
        -0.8908888170       -0.5838670683        1.2472537069
        -1.3418717089       -0.4014390567        0.3820207383
         0.4023660009        1.2996038733        0.4474242190
        -0.6365251637        0.1784104362        1.7935143962
        -1.0495408049       -0.5957180744       -1.2759525862
         0.4543260747       -1.9484824816        1.3027671660
         1.1664845694       -0.6531314604       -0.8549583725
        -1.4781113877        1.1942023953        0.7735796209
         0.9595146820        0.2856876043       -0.6984666410
        -0.2604333596        1.3018782536       -0.3133227946
        -0.4976859370        0.1214745807       -1.5627503927
        -1.4942924297       -0.0901114396       -0.5362829072
        -0.8352447776       -1.2644255013        0.5564666070
        -0.2780816049       -1.3484432639        1.3587640120
        -0.8331809793        0.4923501458        0.1379236112
        -0.1979911674       -1.9953240803        0.6402360293
