         0.3518585955       -0.6378820779       -0.1018167338
        -0.3201821775        2.4524834909        0.1730849710
         0.7466408188       -0.0455321777       -0.7801913304
        -0.5902603111        0.0859403922        1.1338552544
         0.2533385979        0.8402861496        0.9333637929
        -0.2670555121        1.8502643949        1.7862307716
        -0.2635706158        2.1846246047       -1.5283438747
        -0.1295632596        2.5362615198        1.1306971659
        -0.5138899548       -0.3214478189        0.2178225861
        -0.8423795108        1.5766161009       -0.1182090733
         1.2967590472        1.5965776761       -1.1646674754
         1.6332830763        1.3658301921       -0.2970686843
        -1.1655938821        1.7204804264        1.4842920256
         1.2733495789        1.7732864475        0.5455685367
         0.6151648584        2.4983655953        0.4602091770
        -0.2287768500       -0.1747403130       -0.7344166683
         1.1558765518        1.1201763824        1.2974046525
        -1.6005928726        0.8757018603        0.0768891008
        -0.6221194495        0.6970688137        0.3594053478
         0.5489988374        1.8616740220        1.2218624923
         0.2018757805        0.2140283451        1.6616378888
         0.3669975692        1.5814204908        0.2446347083
         0.7034832016        1.0719120974       -0.5700583870
         0.1660759347        0.4751199857       -1.3922056144
         0.2795098200        0.3407038476        0.0272877024
         0.4104123623        1.4142640138       -1.5100249854
        -0.5264601272        0.9321878639        1.6190026096
        -1.5592715967        1.7229792446        0.5775319653
        -0.7910682259        0.3448609288       -1.3296781828
         0.6419108479        2.3179811972       -1.2495941255
         0.2691226902       -0.2912434045        0.8146547101
        -1.3154797699        1.0224093682       -0.8753501539
        -1.0335572802        2.4515809546        0.8616061604
         1.0980154447       -0.1517411707        0.1964902546
        -1.0817534774        1.9686904869       -1.0173140766
        -0.5482857574        2.7012817789       -0.7591351992
        -0.4569505669        1.6227653637        0.8412470555
         1.1647878760        0.8165889013        0.3656693504
        -0.5562433920        1.2708520417       -1.4858825347
         0.3478432679        2.7819153361       -0.4637761700
         1.4954020624        0.4498842879       -0.4940912325
        -1.2639496649        2.4502816356       -0.1098307984
         1.0101305345        0.2001834767        1.1266501269
         1.1038990633        0.6781725123       -1.3509980073
        -0.0068059646        1.8543913137       -0.6621751248
        -1.3125796205        0.8816724354        1.0401783385
         1.0220626415        2.1050932495       -0.3581067333
        -1.3488447133        0.0578520294        0.5332199303
        -0.3278256117        0.8485003521       -0.6234963222
        -1.0958461883        0.1764917526       -0.4098116569
         0.3877926877        1.1288608742        1.8711574211
        -1.7865661233        1.7178808672       -0.3791470359
