        -0.0184222538        1.5731097169        0.8808830958
        -2.2632319166        0.7969174642        0.2711999702
        -1.0163685698        1.6329200770        1.1588837149
        -0.7696802359        1.3519551575        2.1427420432
         0.8754483663        1.9001159338       -0.4081930587
        -1.2072628462        0.4748536280        1.9635038436
        -1.6955863969        1.1536990754       -0.4531178099
        -0.3855204837       -0.7680602716        0.1584726043
        -0.9507363714        2.6355612005        1.1511842482
         0.0765160305        1.8999821091       -0.9265492187
        -0.9391480395       -0.3865526846       -0.5363092928
         0.3970728519        0.3599791237        1.5371918493
         0.7915863922        2.0327822291        0.5435202089
        -0.4712113571       -0.1753968529        1.6724051821
        -2.3174138705        1.2466396895        1.1061122492
         0.1608238194        0.6155472928        0.5562287490
        -0.1093120507        0.9169467210       -1.0741940531
        -1.3620007611       -0.6192171958        0.3817926673
        -0.8144565481        1.5339400216       -0.7576300204
        -0.2685125531        0.5363638134        2.2638952812
         0.7855036789        1.0241601030       -0.7550134351
        -1.5335214813        2.5902095478        0.4089717256
         0.1480530075       -0.3499019087        0.9305794530
        -0.6558748119        2.4953636610       -0.6168533665
         0.9879444372        0.2271396787        0.7310335815
        -1.2564911760        2.1742096747        1.9586634719
        -0.3104677247        2.1327120078        1.7235259769
        -1.7447460075        1.6268721549        0.3958388032
        -2.0966529169       -0.0270048151        0.7068026229
         0.5069860727       -0.3175929435        0.0378845331
         1.0030948402        1.1347303601        0.2145841045
         0.5176665968        0.1120799101       -0.9122200306
        -0.7265807322        0.0661154984        0.6111169865
        -0.0224872361       -0.6592096608       -0.7193392072
        -1.7093876563        1.3111499790        1.8265146438
        -0.5000500707        0.7707592814        1.3302437224
        -1.4695118826        0.7320142180        0.8971897347
         0.6173632241        2.0515713074        1.4680241070
        -1.8539324798        2.1303836390        1.2349924133
        -0.7113876397       -0.8545469067        1.0441896495
         0.1994596554        1.2857733635        1.8840479472
         0.1362146045        2.4293510436       -0.0826458959
        -0.7415918212        1.9666426200        0.2222835769
        -1.4090424934       -0.2442488225        1.3253212142
        -0.8927632007        0.9770692250        0.0870352199
         0.0496645953        1.3575389410       -0.1444609575
        -1.5058400679        2.1263687415       -0.4212437137
        -1.0424201518        0.5640537565       -0.8616010782
        -0.3859382285        0.0035231487       -1.2680431068
        -2.0950337996        0.4341134023        1.5623973112
        -0.6541943485        2.9279064467        0.2553255321
         0.8433588813        1.1347213130        1.1629389468
        -0.0050602616        2.5611495020        0.8846154139
        -1.5465410158        0.2287559975       -0.0680621193
         1.1545032378        0.3058779012       -0.2127551970
        -0.2486797106        0.2755037493       -0.3023133721
