         0.9580486213       -2.1195060981       -0.0725382646
        -1.2197921224        0.7678233372       -1.5600827406
        -0.4940358063       -1.3629496268       -0.4033986139
        -0.9721186355        0.5991413279       -0.5942017315
        -1.4664349847       -1.6033474217       -0.5214156402
         0.2462335224       -0.7492743602       -0.7307962375
        -0.7177464618       -0.3869639575       -0.6752017873
         0.0802436530        1.2676473072        0.7180803248
        -1.7447581385        1.2083796796       -0.9208163077
         1.0195471844        0.0817226438        1.1884171908
         0.3020652873        0.3302876959        0.5652634037
         0.6793654658       -0.8365337428        1.0774754887
        -0.9848749124       -1.1683397764       -1.2840232848
         1.4137156147       -1.2327565933       -0.1518170734
        -0.5206065905       -1.6207473829        0.6311905636
         0.7477951674        0.9889804918       -0.0631867233
        -1.1711093518       -0.2010601991       -1.5100849675
        -1.0647393114        1.5887240660       -0.4100842386
        -1.7906290144       -0.4680445637        0.8199259434
         0.4007882368       -1.3717034977        0.1313776212
        -1.6722446084       -0.6745582071       -0.7851261312
         1.1029914845        0.2882562969       -0.6185768055
         1.0013221087        1.0328034528        0.8675395221
        -0.1767996002        1.1997645023       -0.2381938076
         0.5572575655       -0.0211945822       -1.3543325440
         0.3441232332       -1.7477489660        1.0804893475
         0.1226120045       -2.3182777220        0.3508812079
        -2.0031460917       -1.0043159065        0.0619123027
        -0.7843447033       -2.2424081802       -0.0836099825
        -1.4798067391       -1.7231173294        0.4135732157
        -1.2348139957       -1.1776280871        1.1486394209
         1.7781983396       -0.3353390899       -0.2147905175
         1.4070320152        0.3394767573        0.3455098182
        -0.2777819113       -1.0541039532        1.3909209978
         0.3911428520        0.9098990886       -0.9978868278
         1.5281346764       -0.6278078506        0.6577584830
        -0.8864390335       -0.2858007468        1.1691115136
         0.0687506005       -0.1466266310        1.4424298931
        -0.5171460874        1.2883074885       -1.1449490039
         0.0959294780       -2.1709193001       -0.5802647218
        -0.6879316446        0.1829217264        0.2737389395
        -1.8302549534        0.2699884833       -0.9857389030
        -1.7006562872        0.9568468096       -0.0055200883
         0.8170531066       -1.5658472268       -0.8614149695
        -0.2559157602       -0.5957387971       -1.5942779474
        -0.1300336805       -0.6120968800        0.5359194648
        -1.6836700282       -0.0211022912       -0.0456918741
        -0.5183038072        0.6317425442        1.1692311836
        -1.0739081386       -0.8001878925        0.2207801246
        -0.3404661870        0.3646294806       -1.3862422643
         0.6430556550       -0.9559252447       -1.6216824534
         0.3780348014        0.7598573390        1.5014825091
         1.2326076053       -0.6442537035       -0.9378140731
         0.8067547682       -0.4174714454        0.0545492547
        -1.4599353217        0.4496229856        0.7950302281
         1.1959749084       -1.5808563106        0.7013349544
         0.0850308277        0.2153490315       -0.4357852885
        -0.8829860121        1.1747437596        0.4544030567
        -0.7877178091       -2.0932768288       -1.0132793645
        -0.0616014005       -1.5433507031       -1.3391616996
