        -1.4509376634       -0.4402727399       -0.1776688424
        -1.6383034650        0.9870131202        0.6070005315
        -1.1826681709        1.7977441528        0.9585893293
        -0.5889354758       -0.0659553911       -0.7323660497
         1.6685202700        0.4782748876       -0.2876861507
        -1.1921891282        0.0873284086        0.6515375067
         0.4207443300        0.9805576851       -1.2762650742
        -0.5545564561       -0.5189226981        0.2349881335
        -0.7498456790        1.3713305942        0.1965332935
        -0.1614862260       -0.8126818922       -1.2925645611
         1.1650193291        1.1887864493       -0.6516283162
         1.1627186208        0.2919800322       -1.0673130207
        -1.1621699309        1.3986797678       -1.6336929588
        -0.9633846260        2.3382125781       -1.3316506204
         1.5141141348        1.2870454315        0.2473328774
        -1.3319967259        1.5390553354       -0.6561796668
        -1.3871380636       -0.4875008297       -1.1314059607
         0.2697932729        1.2573315164       -0.2183958719
        -0.3360882520        1.6878510595        1.4515498020
        -0.0502972717        2.6150614663       -1.2795038764
        -2.3170333457        1.8806401213       -0.6200209807
        -0.6442715280        2.9127374839       -0.5824512359
         0.5920223149        1.4872089102        1.6482746024
         1.2105494340        0.9900988594        1.1115091225
         0.0020901410        2.0435893558        0.4294095557
         0.3381262415        0.2684605772       -0.5464635052
        -2.0582798787        0.1820364170        0.2337402761
        -2.0103076159        0.1752137052       -0.7273113215
         0.3232305339        2.3861714891        1.3262591028
        -0.4341868737        0.7477247539       -1.7744677798
        -1.2504211841        0.5762852449       -0.2394456272
        -0.9769465367        2.3963404473        0.1859412420
         1.0061036658        1.8883571325        0.8592151879
        -0.3748024385        1.9685306209       -0.5632567657
        -1.5701842860        2.4920366645       -0.5947061426
         0.6122200611        0.2662840099        1.2114272406
         0.2082114230        0.0588026964       -1.5358250482
         0.3200581155        2.7138129223       -0.4007977429
        -2.0404771486        1.1017648327       -1.1757034612
        -0.0272589751        0.7630609469        1.6911190762
         0.5516363422        1.9148267872       -0.9878428936
         0.3713857725       -0.2747288402        0.4301388225
        -0.5787730262        2.5505954835        1.0757143190
        -1.2834324028        0.4867872125       -1.2980528494
         0.2184426969        1.1163600457        0.8068875644
        -0.2997227587        0.0175909281        1.0834621239
         0.7708583048       -0.5768793179       -1.1045916482
        -0.2324584335        1.6820013683       -1.5404384967
        -1.7883853479        1.8476006816        0.1820164608
        -0.7765087311       -1.0091506515       -0.5927684494
        -2.1913391219        1.0133589104       -0.2243228823
         0.6669185350        2.7491565731        0.5107536095
        -0.3175040124        0.4620893538        0.2091962474
         0.8851845178        0.5556561370        0.2716520285
         1.1023536436       -0.2848548994       -0.2653280303
        -0.4764433159        0.9672505933       -0.8221728124
        -1.8650105460        2.0167941441       -1.4204450025
        -0.2295930457        3.0175743797        0.3184064874
        -0.7131465135       -0.1830269993       -1.7356537244
         0.1650087029       -0.7551470748       -0.3873161377
        -0.7785145280        0.8799844435        1.0820841021
         0.9406121007        2.0047288095       -0.0976085013
