         0.2122284315       -0.4657916075       -0.2947949933
        -2.4559011102       -0.1068007989       -0.4372946018
        -1.7876261954        0.8324494270       -1.2532013818
        -0.7772938604       -0.4104049782       -0.5421744526
        -1.1832861936        1.7397609921        0.4583168766
        -2.2618598196       -0.6167428272        0.3674386405
         0.5038866116       -0.6399248452       -1.3010236212
        -0.5077488536       -0.9610217576        0.2808372799
         0.0108532143       -0.7960477098        1.1145176923
         0.3746254672        0.5574073840       -0.0941351185
        -1.5441157741        0.2621950799       -0.4622576747
         0.2839867912        0.0228126588       -1.9978834287
        -0.2549825467        2.0539011823        0.5229606468
        -1.5611143104        1.2131699411        1.1923000386
        -1.6429344114        0.2308421149        1.1891415059
         1.3023227537        0.3309837955        0.0837954847
        -0.8512688446       -1.9429030983        0.3810795330
        -0.0658987554       -1.7363204292       -0.1481322327
        -1.8255536707        0.3130724248       -2.0447371468
         1.0552086973        1.0139623136       -0.6315645595
        -1.5673689409       -1.3013063971        0.3901229993
        -0.3425777913        0.0453443754        0.4615980713
        -2.3424668441        0.8414923960       -0.4345724733
        -0.2313835874        1.0672500342        0.5588406907
         0.6417889319       -0.2234443024        0.6012430909
        -1.3128664743       -0.3061285604        0.3703310465
        -0.0237877694        0.1658934885       -1.0649813400
        -2.1853926201        0.3376784922        0.3874721604
        -1.0177258932       -1.4551973757       -0.4319023794
         1.1805829373       -0.6074328337       -0.1270492112
         0.7235235518        0.6885318381       -1.4841187950
        -1.4890955171        1.3024950272       -0.4095772443
        -0.8286177409       -0.3277173279        1.2764076431
        -1.1411080510        0.9407934408       -2.0341411075
        -0.5548661726        1.6208730588       -0.2908054984
         0.1110339531        1.1790951722       -0.9117290285
        -0.8598331805        1.2037667574       -1.1569990272
        -0.1923704798        0.8495429161       -1.8097772531
        -0.5959196510        0.6288317847       -0.3739636507
        -2.0480269501        1.2900199427        0.3762406609
        -1.3273324386       -0.4701317254       -2.0661463125
        -0.7757676513        0.6637950123        1.3743238242
        -1.2028739540        0.7244167005        0.4272954880
         0.7300920200        0.7123470452        0.8769055698
         0.6791058408       -1.2768712214       -0.5983748187
        -0.6445614247        0.1585926871       -2.3032731588
        -0.2336833287       -1.1658185188       -0.9307401763
         0.5634276365       -1.1866499368        0.3623429118
        -0.0782712705       -1.7134421000        0.8472441008
         0.0896307126        1.1118574131        1.5035762106
        -1.1999399049       -0.9343177184       -1.2494009135
        -0.6795131544        1.6310688914        1.2693748673
        -1.0086072368        0.1919024038       -1.3723127781
         1.2130000483        1.2604080470        0.2706534969
         0.5394339355        1.6636063832        0.8716074016
         0.9799994095        0.0499490705       -0.8014854226
        -1.9174092724       -0.2236156190       -1.2676172381
         0.0645546591        0.1535074727        1.3385950906
        -1.7573235320       -0.7811509495       -0.4537674208
        -0.4024036870       -0.5851519593       -1.7160098114
        -1.7161850000       -0.7298110309        1.1566551609
        -0.9094553440       -1.2916803925        1.1208308749
         0.4068715166        1.6150404301       -0.0825361398
