        -0.2623773933       -0.8777772459       -0.6449243528
        -0.3523567723       -0.0477278126        2.5790731698
        -1.0326045199       -0.6881536709        2.8582139606
        -0.9173142092       -0.3992278227        0.9324650304
        -0.8018569794       -0.6795356369        1.8924807185
         0.2569928450        0.0762611589        0.4044287205
        -1.4904669788        0.3310584294        0.3802293299
         1.6820702266       -1.1197550285        0.9723432435
        -0.6531169300       -1.6950640297        2.0690346413
        -0.5812212947       -2.3258523526        1.3194386093
        -1.0613461474        1.2194560430        0.2497874734
         1.7558128024       -0.2148184306        1.1806741240
        -1.4480856960       -2.0231232105       -0.1346587326
        -0.3422546338        1.2132949107        1.5832506781
         0.4220780373        0.7967653258        1.1215741090
        -1.5016887480       -1.2941831422        2.3119134958
         0.9333196463       -1.3734563881        0.4276203338
        -1.3553175294       -2.4158821623        0.7681520541
         1.3187614141       -0.7821944287        1.8303780347
        -1.6923442645       -0.3356956685        2.2151187562
         0.7902287266       -0.5801085822        1.0167397066
         0.2070301697       -2.0486839200        1.8261774440
        -1.1978259535       -1.0287004940       -0.8887319445
        -1.7408264035        0.0246274796        1.3050326419
         0.9821695582        0.2048930497       -0.2552981535
        -1.1501319509        0.5886427928       -0.4914677793
         0.6057608771       -0.6939162313       -0.1896985807
        -0.0368812699       -0.0888827475        1.4062292572
        -0.8910419031        0.3505654220        1.7905395764
        -1.5823638684       -0.2845225891       -0.4176004530
         0.0742870018       -1.1017831755        1.5689087658
         1.2105068632        0.3859899589        0.6687245681
        -1.7769955465        0.6571369448        2.0771164472
        -0.1459930005        1.4250379024        0.5927184913
         1.0032074983        0.1814151431        1.6342737185
        -0.5881116379       -2.1057165602        0.3065379029
         0.6864155060       -1.3673782637        2.3020002884
        -0.9785570803       -1.1368499686        0.0920099864
        -1.7962705671       -0.5963269099        0.4963219895
        -0.8022649680       -1.4104104063        1.0636395883
         0.1085532662        0.0405735746       -0.6276192570
        -0.2681295188        0.8055534819       -0.1643031577
         0.1711311435       -1.8395036009        0.8680510549
         0.1437139960       -1.5928218425       -0.1083932500
        -0.7940649859       -0.1391988778       -0.9809617619
        -0.9271735727        1.7295754697        1.0363504663
         0.6141469505        0.9774774007        0.1740634577
        -1.6824208614       -0.9563796411        1.4247411397
         0.4958773597       -0.4071522540        2.2163552569
        -1.4660049951        0.9547546484        1.1527883002
        -1.9004792389       -1.1969707622       -0.2605917153
        -1.2127795513        1.4598472337        1.9415536665
        -1.4600299365        1.1786331949        2.7890561106
        -0.0754476682       -0.8958906557        0.5390730143
        -0.5762058535        0.5632748972        0.8179755144
        -1.4698608671       -1.9258976197        1.5717080048
        -1.7646611935       -1.5680674838        0.6546093133
        -0.5921307108        0.9433722892        2.5199686039
         0.9710054856       -1.5986228810        1.4081605303
        -1.2471621187        0.2692657624        2.8220288283
        -0.6571397068       -0.1523860640       -0.0057305107
        -0.6662363738       -1.7730229921       -0.6149743911
         1.4425878619       -0.4849435700        0.2808221517
        -0.1649253293       -1.0305215904        2.5905148129
         0.2110221496        0.5662521162        2.0786151263
