        -0.5934386537        0.4868232818       -1.2499672115
        -0.9889017209       -1.9305774129       -0.9638821248
        -0.3665853559        1.3659279002       -1.7726839718
        -1.5686762047        0.6119926340       -1.1666003240
        -0.4470969013        1.2614653288       -0.0696234309
         2.2289636225       -0.7175688626       -2.1135691449
         1.0697907130        1.2407118039       -0.8664019150
         0.9404566699        0.5089516368        0.5090924931
        -1.2140096692        0.3908485338       -2.1054235815
         0.5246639520       -1.1754572559       -1.3280214258
        -0.3935775781       -0.9334104961        0.2854167603
         1.3357600972       -1.0875405125       -1.9938390520
        -1.3103927301        1.2780055690       -1.7896191991
         0.5526943087       -1.1521378576        0.1538377633
         0.1684828314        0.4740673621       -3.1203415323
        -1.6697443418       -0.1445864826       -0.5492220998
        -0.6773001106       -0.3711274348       -0.5551811452
        -0.8345407204       -1.1829743801       -1.5645190630
        -1.3982981190       -1.0643405185       -0.7585267067
        -1.0054483322       -1.6049803375       -0.0671506421
        -0.0290094862        0.6997222162        0.5796495923
         1.4887523712        1.1469385109       -0.0128873240
         1.3023956660       -1.7728825950       -1.2752879855
        -0.1882373402       -1.9189517845       -1.5640392173
        -0.7340874291        0.2105880575       -2.9605552716
         0.4018366667       -0.5033395519       -0.5693013709
         0.6391592795       -1.8549618004       -0.5273643767
         0.0714391379        1.2626932777       -0.9001398635
         0.9225466055       -0.1754027479       -3.0306420031
        -0.0101598327       -0.4483149868       -2.9086512656
         2.1231316870       -0.0453351173       -1.4346859149
         1.2531005467       -1.0783234735       -0.5675328869
         1.3797070324        0.6238532990       -1.5443330208
         1.2054681431       -0.4195155300        0.1814301518
         0.5275533319        1.2180524261       -0.0195978393
         1.9077290056        0.6444899388       -0.7267008568
         0.1514579984        1.2670016748       -2.5943887053
        -0.9313983622        1.3433610108       -0.9162890172
        -1.0721050657        0.5747979384       -0.3177791692
        -0.1560054351        0.3900602930       -2.1738915781
        -0.6760692661        0.0160698990        0.3698413947
        -0.1798668839       -2.3424702202       -0.6948498313
         0.6734922111       -1.8236544960       -2.0578276424
         0.8307175394        0.5978237608       -2.4090102463
         0.6168462700        1.2617750455       -1.7331911253
        -0.1773835633       -0.4342210280       -1.4373061064
         0.4365368627        0.3806671520       -1.3233861260
         0.7393720966       -1.0915612845       -2.7824402769
         1.8354324683        0.3091140940        0.1951479186
        -0.7812482190        1.0900728518       -2.6068945814
        -0.2629385645       -1.3111593070       -0.6893877366
         0.5938268814       -2.3960777398       -1.3111854967
         1.9684110590       -0.9919654508       -1.2438619810
        -1.3161114659       -0.6895756850        0.1358995940
         1.5688650015       -0.0516565193       -2.2579624080
         0.5864484825       -0.3506131263       -2.0961830410
        -0.0285171159        0.4029043077       -0.3633183673
         0.2799401788       -0.2109732183        0.4069411557
        -0.7534376998       -0.4670139342       -2.2636840261
        -0.0407738049       -1.1567399518       -2.1938667776
        -1.2543217141       -0.3032916619       -1.4064954789
        -0.1066933343       -1.8634899192        0.1222332439
         1.0143823724        0.3244139925       -0.4675970638
         1.6393075773       -0.7833951754       -2.8635096282
         1.1832216253       -0.3372488915       -1.2622465440
         1.9012105129       -0.3172652101       -0.5293780662
