         2.2738841454        0.5702507900        2.1370869890
         0.6214563348        0.6844956272       -1.4166754326
         1.1198920350       -0.6880286023        2.0980864912
         1.3584202918        1.2068701349       -1.0982382108
        -0.9397957534       -0.8691515177        1.6282781206
        -0.0553611123        0.6607451207       -0.2585210619
         1.5474002694        1.2471168269        2.1448539162
         1.9054998435        0.2100557585        1.2697473162
        -1.2627048447       -0.0326128599        0.0847301882
         0.8709698317        2.6280352120        1.4016007195
         0.4697267090        1.7003424249        1.1688955041
         2.8583702965        0.4600285281        1.3884604462
        -0.0823433029       -0.2925053534        1.3681744267
         0.7861989127        1.8962391212        2.0838367326
         0.1171124940        2.5478244001        0.7978743826
         1.2289420120        1.7311669624       -0.2852964145
         0.2984504349        2.0105638554       -0.0025310904
        -0.1473999684        1.5107206285        1.9452159798
         1.0664075130        2.2148991960        0.5558197203
        -0.2980293586        0.9146161057       -1.1715494565
         0.5877840310       -0.4362751383       -0.3406218512
        -0.3843129124       -0.3353624881       -0.1712748975
         0.5018684063        0.1742013148        0.4519993373
        -0.2212607708       -1.2902970220        1.2226004924
         0.0436532724        2.4381646896        1.7803095781
        -0.5371012572       -0.3500002796        2.2827068627
         0.4018767741       -0.0484515941        2.2506951972
         2.3730921274        0.1799979398       -0.2104893896
         0.7203466794       -1.0534002423        1.2838155395
        -0.5993620434        2.0125248683        1.2057829783
        -1.0642777475        0.9109201029       -0.0731396808
        -0.8544064823        0.2641855983       -0.7533156249
         0.4482511665        1.4128928756       -0.7883093038
         1.0074104806       -0.1527958757       -1.1725650535
         1.5078392171        0.3950216961        0.3605471085
         1.3518452530        0.2811246710        2.2020261059
        -0.7992527520       -0.6278875710        0.7184891394
         0.7479819652        1.1496620360        0.3403256848
         0.1522764351       -0.9715418849        2.0551863351
        -0.3522919634        0.5561237360        2.0758240618
        -1.0104267153        0.0678330066        1.4729964347
         1.7915381176        0.3623686948       -1.0077873512
         2.1909556702        1.1955965751        1.4134748951
         0.0495609814        0.0135603789       -1.0292321627
        -0.2612470020        1.3231612629        0.5159440700
         2.6269827925       -0.4735580596        1.3310842969
         0.1643557388       -0.7912334606        0.4963815688
         1.5618694977       -0.3222264762       -0.3699903623
        -1.4482322807        0.6036382314        0.7696568697
        -0.5102116711        0.3232156662        0.6225888153
         2.4337634991        0.7859133429        0.5473783482
         2.1155613892       -0.4529385836        0.4816654893
         0.1885217114        0.7195702838        1.2656662662
         0.9160033394       -0.0607661642        1.3498170126
         1.6840115503        1.4384250133        0.5580974070
         1.1805171617        0.9395190391        1.2793845734
         1.9132333389        1.0281138968       -0.3171810284
        -0.8128623565        1.0406288560        1.3576184065
         2.9497975321       -0.0093596408        0.5718014265
         1.4971396347        1.9035642962        1.4171517215
         1.1430087878       -0.5914764601        0.4972625406
        -1.2290730749        1.5427753462        0.6291590583
        -0.4645403368        1.5706729325       -0.4593428296
        -0.6275118728        2.1972250543        0.2572547590
         0.9530910089        0.5447129154       -0.4678515102
         2.0581697401       -0.3694085003        2.0896247023
         1.6849409278       -0.7975509187        1.3156222596
         0.6092145151        0.9343517247        2.1412248926
