        -0.7340578868        1.5641308555       -0.2505807415
         0.8805620040       -1.6030337050        0.4032322503
         1.8425089819       -0.3494899017        0.4725627033
         1.0427332549       -0.7121935436        0.0097841013
         0.8857207312        0.7086732841       -1.1298118912
         0.5517095254       -0.1792116375       -2.6666426698
        -1.6146411849       -0.7925681981        0.5098424636
         1.8112032054       -1.3360088367        0.3732299025
         0.5162048908        0.6232653303       -2.0848630190
         0.1329464759        0.0340286917       -1.2181416264
        -1.1174156719       -1.5702360779        0.2573154334
         0.4291403083        1.4993471346       -1.5850108043
        -1.0059407742       -0.7141065298       -0.2763168942
        -0.0146054100       -1.7344756836       -1.3707469522
         1.9322138755       -0.3902807827       -2.0291117576
        -0.3902724846       -0.8226088599       -1.1053418281
        -1.0478234120        0.0243884355        0.4779354876
        -1.9513965106        0.0351961244        0.1935757362
         1.2880447431        1.1808743107       -1.9355419485
         0.9692051735        1.2763317055       -0.2485002957
        -0.2510927909       -0.7661382340       -2.7533874364
        -0.4560135040        0.8578400589        0.3414748829
         0.6209744835       -1.1233220847       -2.8495161992
        -1.5493415256        0.0947009807       -0.6620899602
         2.0839141482       -0.7878029235       -0.3680767131
         0.0143947723       -0.7739217366       -0.1533895127
         0.5148387965        0.7817754800        0.4639910720
        -0.8715603437        0.0371045960       -1.3729280842
        -0.3144677422        0.8490689991       -1.6046379524
         0.5175762421       -1.8017231548       -2.1905556003
         1.2581623324       -1.1555883974       -2.1228399694
         1.0156417088       -0.2088028450       -1.7212481681
        -0.4227912952        1.6968206628       -1.1380622951
         1.4106757807       -0.0875507786       -0.7508926674
         0.3419408688       -0.9028799782        0.8136967700
         1.4004298033        0.3436345449       -2.4437584710
         1.2655525645        1.6243367860       -1.1015914956
         0.2574518017       -0.8738952978       -1.9092055761
        -0.4019986112       -1.5625570593       -2.2468169662
        -0.1288832070       -1.6198447960        0.3484891733
         1.4152474260       -0.5305136993       -2.8181847681
         0.9554889868       -1.6668568231       -1.3331360450
        -1.5236876402       -1.5170454114       -0.6135961865
        -0.9823766466       -1.5597559337       -1.4350895640
         1.2788274345       -0.9230206723        1.0121050641
        -0.8669945192       -0.7624374321       -1.9949875433
        -1.4625214262       -0.7535483589       -1.1952930152
         0.4325387932       -1.6511045693       -0.4655289538
         2.3168087172       -0.2378791399       -1.1402304148
        -2.0044870482       -0.7307938509       -0.3630389769
         0.5120653764        0.1311506956       -0.2804884593
         0.9071678040       -0.0711449111        0.7681200115
         1.6488133223       -0.9469454083       -1.2469597817
         1.7703114660        0.8921308218       -0.6862063163
        -1.0012158075        0.9211408271       -0.9119071208
        -1.3501534371        0.7952619539       -0.0232735745
        -0.0566776146       -0.0344617742        0.5326451164
         1.3968092029       -1.5198398265       -0.4708361392
        -0.5644246123       -1.6545601974       -0.5325822578
         2.2449794496        0.1607966021       -0.2755791583
         1.8107280335        0.4653390221       -1.5575748326
        -0.5299700880        0.1699243209       -0.4008648345
         0.4059185493        1.9169934365       -0.7201031515
         1.4045468319        0.4585990290        0.1217763391
        -0.2645431626        0.0009385046       -2.1503817876
        -0.6383795193       -0.8580457335        0.6799651131
         0.6620629540       -0.8031131739       -0.9518086262
         0.1309563645        1.6172762262        0.1434412481
         0.0235393815        0.9797973300       -0.6169893947
