        -1.9564744554       -1.4302552949       -0.0940298397
        -1.9541377031       -0.5664688178       -1.5920632506
        -0.7514861965       -0.9095756273        0.5311566468
        -1.1191041793        0.0274648455        0.7426190277
        -0.4885190991        1.1539688059       -0.7406482651
        -2.0534604635        0.0099410632       -0.8332517857
         0.2451764562       -1.0691130788        0.2443378466
        -0.9330161681        1.0964558052        1.5888596224
        -2.8437128401       -1.1643224940        0.0922797383
         0.1501494450        1.0612174571       -1.4568708357
        -2.1507070969        0.1269744675        0.9132773083
        -0.4175413994       -1.8881658403        0.4908448137
         0.7741007057       -0.6795281403        1.0016171777
         0.4438200356        1.4786739664       -0.6137040951
         1.2527829493       -0.6981017454       -0.8292191508
        -2.7508769378       -0.6925616689        0.9245684343
        -1.6955480868       -1.4236587778        1.5237026946
        -0.7647869133        0.2430755445       -0.1770892117
        -0.1444443578       -0.6949561276        1.3263994173
        -0.0330071644       -1.7552518300       -0.4317208912
         0.4981166771       -2.0899564563        0.2960750491
         1.1211359355       -1.4999088976        0.6508276950
         0.0113799637        1.0030783971        1.6272839671
         0.0164948984        0.2788650976       -1.9684458253
         0.3590838010       -1.0591067938       -0.9866187225
        -1.3772071963       -1.7360638981        0.6614339114
         1.1039272003        0.9888277320       -0.0509454001
         0.9191618999        0.1521592749        0.4697020962
        -0.7139472077       -1.4987375591        1.3335390202
        -1.1287444120        1.1683434646        0.0279095456
        -1.1257299316       -0.9538588402       -1.8505308143
        -1.1217389442       -0.6248144857        1.5245660021
        -0.1669852702        0.2112088861       -0.9964466741
        -1.5616201122        0.9297983565        0.8810785012
         0.6000511786        1.0031673390        0.8403141228
        -2.6124773687       -1.2827906501        1.6382945631
        -0.0858990992       -0.1201181560        0.5051842266
         0.1625622883        0.7032670371       -0.0688760360
        -0.4363178945       -0.6888143974       -0.4393297944
        -0.8947255509       -0.0668532736       -2.1132776868
         0.2660542593       -1.5563474999        1.1021333516
        -1.7681733370       -0.7952622179        0.7194994316
        -1.4418073468       -0.5507332195       -0.2204571948
        -1.3628105639        0.7081171435       -0.8406053740
        -0.9761031058       -1.5179078220       -0.2449844610
         1.4265153185        0.1190451321       -0.3680557663
         0.6457840507        1.7602434332        0.2716068839
        -0.5862529448       -1.3607176572       -1.1488835900
         0.9426908897       -1.4929160935       -0.3238925660
        -2.4193658281       -0.8753899087       -0.7401946024
         0.4986482079       -0.2513971830       -0.3654035141
        -1.5475509703       -1.2057506582       -1.0006833837
        -0.0124250294        1.7305650834        1.0150413193
        -0.2252184639       -0.6044585132       -1.6538672292
        -1.6505915912        0.3267373776       -1.6874358070
        -0.2746572351        1.6499695092        0.0909405542
        -0.4474064966        0.8256769048        0.7469473186
        -1.7530559143        0.4062488834        0.0392344117
        -1.0816459507       -0.2645323529       -1.1279633678
        -0.9405037342        1.6825889189        0.8339646418
        -0.7646493741        0.7494390391       -1.6248645472
         0.7978582068        0.6083214504       -0.9058316034
         0.3937104027        0.1634986410        1.3214105425
        -2.0938454709       -0.5071317390        1.6530562222
         0.6497461135       -0.2126434859       -1.4021836919
        -2.4199582459       -0.3220296941        0.0561024797
        -1.5176529367        0.2953875371        1.6256184927
        -2.3676031219       -1.6088126007        0.7999494925
        -0.5450743523        0.1971556818        1.5768012923
         1.2930989090       -0.7054457010        0.1369636744
