         1.0524465579        1.3595781898       -0.7086312973
         1.3540801055        0.5594487880       -1.1646175838
        -1.2561620096        0.3932754195       -0.3237881196
         0.2102454070       -2.1545771079        0.3259329299
         1.6288987804       -0.2479518861       -1.6247177994
         1.2651533613        0.5627380766       -0.1481299210
         0.3202638582       -1.6121462605       -1.3260928773
         1.8698017326       -1.0914609079       -1.2246788143
         0.1403758292        1.4257720260       -0.3238106042
         1.2595531405       -1.8495560731       -1.2890060894
         2.1725096454        0.5556904989       -0.6430215415
        -0.8631175932       -0.5022381148       -1.7155726723
        -0.2273485985        0.0846455775       -1.3265647872
         1.0191096384       -1.0247190582       -1.7202770494
         0.7315164825        1.0100566616        1.0988189941
        -1.1307517144       -1.4582221721       -0.4774279506
         0.3825639441       -1.1978805938        0.1616764781
         0.0525152063        1.5164640739        0.6291947909
        -1.1496220099        0.2967257003       -1.2602655060
         0.0515276274       -0.7865221338       -1.7521946625
        -0.8715622782        0.1341223376        0.5771552239
         1.8186332700       -0.5801952437        1.1275292083
        -1.1549466266       -0.7185783587        1.0006636286
         2.7843895488       -0.4065263554        1.4304857654
         0.9469669156        1.4820129615        0.2418720784
         0.0602599768       -0.2990839443        0.6738756099
        -0.6138330012        0.9927336347        0.1583554325
         2.0167045480       -0.0352601332        0.2959255167
         0.5976204780       -1.9025514332        1.1933312351
         3.0443179680        0.1316929572        0.6495907170
        -0.6132815485       -0.8822814667        0.1273289235
         2.1047760752       -1.5075432209        0.4364707891
         0.1796425629       -0.7369525199        1.8575734651
        -0.2502993967        0.7159177996        1.0715192401
         0.9133423201       -1.3760712150        1.9544572390
        -0.1977878608       -1.7448064159       -0.4935938036
         2.3055044913        0.4010955089        1.1853260369
         0.4280158333        0.6126755769       -0.7824453156
        -0.2041803347       -1.2372926693        1.0077244586
         0.6337925860       -0.2698860567       -0.1625622371
         1.5683673795       -0.2828231524       -0.6299916629
         2.3017415616       -0.9112479213       -0.3437045192
        -0.7327138957       -1.8960425114        0.3296596923
         0.7256299855       -0.2172695237       -1.2554078738
         2.7198452747       -0.7543606566        0.5268638324
         2.4844506265       -1.3001301201        1.3129827469
         0.7396635268       -2.0447536170       -0.5017103031
         1.1506231976       -1.8283791019        0.3612078973
         0.8041777511       -0.9073653612        1.0632892566
        -0.0345026593       -0.7814224558       -0.7595397820
         1.7005668814       -1.6922968402       -0.4411767959
         1.0684172111        0.0255791570        0.7307352728
         0.4373813321        0.1606109888        1.4946777881
         2.4240699853       -0.2809092675       -1.1014346604
        -0.3365540460        0.0608966023       -0.2795256655
        -0.7440927100       -1.0378271013        1.8286747822
         1.3885231053       -0.8670877825        0.2220292923
        -0.5474164047        0.8837299886       -0.8003646181
         1.5537504935       -1.5871651678        1.2479618185
         0.9441080111       -1.0954104171       -0.7070120369
        -0.5074799119       -0.1530841833        1.4665278459
         0.3287101510        0.6207258535        0.2709661252
        -1.0482069459       -0.5270254846       -0.7697461749
        -0.0403034918       -1.6810396607        1.8895230987
        -1.5236663104       -1.3524708320        0.3795433500
         2.5080471033        0.8043055591        0.2359392913
        -0.3192536698       -2.2225593738        1.1535289556
        -1.0919598387       -1.6701605497        1.2086723998
         1.6391480627        0.9365010224        0.7092760064
        -0.6398053569       -1.3255346120       -1.3032899577
         2.0635116230       -0.1262737707        1.9819306925
         1.4021793038        0.4517613045        1.5530237143
         1.1375763648       -0.4265964281        1.9093374971
         1.8639298252       -1.0617320513        2.0010233841
         2.8185361023       -0.0615431473       -0.2574837074
         1.8377989133        1.3540022610       -0.1697442356
        -1.4934624209       -0.4467448048        0.0989847547
