         1.9379447535        0.5786969390       -1.0321815819
         1.2565609378        1.4431000763        1.2548654909
         1.4612523629       -0.0952233880        2.1058005429
         1.5690050643       -0.8818399265        0.6497419409
         1.4760155561       -0.2880091364       -0.7155001455
        -0.8605754819        2.2781471094        2.0177631933
         1.8795000713        0.7459403551        1.7108910581
         0.8364722048        2.2033373243        2.2500829706
         0.1662034136       -0.6980124492       -0.1080274152
         0.5390202886        0.2088717646       -0.6722336452
        -1.2868741075        1.0581419199        0.8889196906
         0.8353689425        0.7243360841        0.6457937313
         0.6341986109       -0.7235556993       -0.9640048718
        -1.3672860822        1.5235710771        1.7448778788
        -0.7917029403        0.1892293144        0.8268287796
         2.0206364397       -0.8907093225       -0.1943003815
         0.3701718528        1.6512313681        0.7107566050
         0.3332936673        1.5370003577        1.7447645945
         0.0193062804        0.2709462448        0.2278890582
         0.1486971173       -0.9724649972        1.5410901774
         2.4163548812       -0.1093819076       -0.5875138676
        -1.2905983473        1.0468678611       -0.8354544287
         0.9901937518       -0.2005225781        0.2078346477
         2.2414218742        1.5534261872        1.2801126056
         1.0463312039        2.0191905949       -0.6105308112
        -0.5705745486        0.3175005556       -1.5588635503
         1.7827384104        0.6023512813        2.6289504485
         1.2990289339        1.5531384311        0.2308862081
        -0.3735949493       -0.1643225219        1.6441484493
         0.4486342970        1.1403524291       -0.2086569228
         1.0935897157       -1.0913675076       -0.1887029779
        -0.7836377329        2.6722557531        1.1569724601
         0.2803800223        0.7873312285       -1.4958812051
         0.9704221746        2.4939502215        0.2909332985
        -0.8757251423        0.6818875440        1.6996540210
         1.2989235293        1.3429548343        2.2913062485
        -0.5444216998        1.3984645310        2.2769576962
        -0.4529111621        1.1872074335        0.3017689518
         1.4068702268        0.6265224457       -0.2083608988
        -1.3741147283        1.5334804859        0.0434419433
        -0.2994784091       -0.3598845634       -0.9150866624
         1.8233520058        2.3291119792       -0.1354592702
         0.8639574504        0.6091008191        1.6941285548
         0.0223179277        2.5242454491        1.6988412942
         2.3957560841        0.7541012517       -0.1769003470
        -1.1627668942        0.1014536907       -0.8471292965
         1.7825291280        2.2678386327        0.8358379757
         1.4933670060        0.0116191097        1.1198331798
         1.9075041085        0.8307269591        0.7064295932
         2.3128267045        1.6239347905        0.3015995705
        -0.3135184339       -0.6646607889        0.7544684026
        -0.0523380572        0.7804598391        1.1604058004
         0.1835368906        2.1166310711       -0.1545298688
         0.5002955218       -0.2726469287        2.1137960833
         1.1257170022        0.2490604967       -1.4566181222
         1.9056136841        1.4783756711       -0.5924423347
        -0.0097942614        0.5793939504        2.1903661410
        -0.0569375292        2.1605633905        2.5767912127
        -0.7476938576       -0.2889274954       -0.0485866227
        -0.6313878249        1.7035767312       -0.5669162048
        -0.5324560280        1.7055769891        1.2313510502
        -1.2159530305        0.5728196264        0.0045543610
         0.2332646407        1.6458508474       -1.0307165892
        -0.5760495493        1.2587151824       -1.4315127674
         0.2920893450       -0.1601375343       -1.6438697373
         2.0310525631       -0.0671439109        0.2805401209
        -1.4346350278        2.0126813872        0.9261030086
        -0.3768105558        0.6836243866       -0.6337384843
         0.4017740289        1.3390918865        2.6899090375
         0.4578260990       -0.1272793122        1.0888175649
         0.0912201346        2.5972640095        0.7247801796
         0.6156955725       -1.0645525864        0.6924137590
        -0.7012638385        2.1849811895        0.3155838596
         0.8630296279        0.4814673119        2.6727623069
         1.0872131797        1.1250714265       -1.0264791373
         1.6849018522        2.1233854246        1.8051175030
         1.0932576693       -0.7978699204        1.5130766195
         0.8969288091        2.3883673526        1.2743983108
