         1.7964620352       -1.3461260895       -0.2841748974
         1.8801526224        1.0730688646        0.2319129841
        -0.4958794921       -1.7514879443        0.5499757523
        -1.6622948994       -0.5267304400        0.0808304471
         0.9377987029        1.4265161925       -1.1022392855
         0.6195126595       -0.4326778346       -1.0936684463
         2.3107542467        0.2541344381        0.6359322771
         0.3854224898        0.9953063505       -1.8998314502
        -0.8311620980       -0.7692536881        1.5766970894
         0.5922750870       -0.3770497498        0.6253348899
        -0.3570781500       -0.1848789176       -0.9705350325
         0.0626276956       -0.3677926236        1.5638852715
         0.8415228338        0.9976022244       -0.1642496448
         1.2702836718        0.6856195426       -1.6402701055
         0.8629779357       -0.9450752140       -1.9088881264
         2.1064658409        0.3636080105       -1.2662268312
        -0.9110164202       -1.1742731637       -0.1475320136
        -0.5574228369       -1.1589491384       -1.0573019152
        -0.7329787029        1.9728062352       -1.0469773657
         0.4784163177        1.9253660705        0.2467208431
         0.9325181460        0.0751859925        1.5616331943
        -1.3476634931        1.2085256261       -0.9158810372
        -0.1064784472       -1.7176273076       -0.3415529603
        -0.7667498414        0.2150597611        1.6549695729
         1.3534414337        1.7971274999       -0.1983017631
        -0.9551090705       -0.5007382171       -1.7092202757
        -1.3097224170       -0.5423843847       -0.8256155479
        -1.9915361276        0.3249235963        0.4385053302
         0.1108460402        0.6342886926        1.6713804100
         0.2320531683        0.1962672361       -0.1209959428
         0.0909121692       -0.7923343789       -0.2559328668
         0.4264096920       -1.3938979810        0.5177747543
         1.2749342721        0.2637659843       -0.7461102745
        -0.3745893588       -0.7796256523        0.6840050091
        -1.8329728668        1.1994321521       -0.0638025072
         0.3671437741       -1.3935635527       -1.1523766088
        -0.2634652652        2.3617095807       -0.2216928412
         1.6212624808       -0.3547627060        1.0520432637
         0.9529380924        1.0797190381        1.6446385481
         1.7840982633        1.1112180365       -0.7371154869
         1.4976618803       -0.2894661831       -1.6203457076
        -0.7569553047       -0.1729803911       -0.0359251202
         1.3914151924        0.2066978478        0.2631387474
        -1.5790476659        0.3327425240       -0.4551042708
         0.6466574092        2.2693103831       -0.6727517774
         2.2398271137        0.3252777554       -0.3158090783
        -0.8780465461       -1.6839917115        1.3965967125
        -1.1464793954        0.3579340247       -1.3427482735
        -0.3018229858        0.2507359783       -1.8670091335
         1.1111129818       -0.6397417894       -0.2271456266
         1.3366869733       -1.1772755152       -1.1103980540
        -0.6219930299        1.1254818112        1.2271529660
        -0.5979806612        0.7037970485       -0.5395361768
        -0.4521184358        1.9503158268        0.6582580952
         0.8615404598       -0.9158061926        1.3599766492
         0.6260338772        0.0342679845       -1.9725069626
        -2.1850777642        1.1627850067        0.7986789581
        -0.0093044384       -1.3484522710        1.4052502227
         1.6385530227        0.6691886663        1.1463405512
         0.0373979938        1.4925682669       -0.6211175029
         0.1600823545        1.8662747051       -1.5280262606
         1.1881180043        1.4848711193        0.7519259981
        -1.0819762165        0.7216970845        0.3789686378
         0.8577683824       -1.5894861901       -0.3334750320
        -1.3582586508        1.5926433599        0.7706236546
        -0.2773136627        0.2243122582        0.8071621892
        -0.0474092869       -0.7273131694       -1.8171499086
         0.3401599000        0.5823175811       -1.0455174327
         1.3715829297       -1.1638877316        0.5696795059
        -1.5168219126        0.7181348036        1.2729314897
        -0.0922072079        2.6500716389       -1.0928403312
         0.2740890613        1.5346071016        1.1542476915
         1.9773311994       -0.5016023601       -0.7850428944
        -1.3006755367       -1.1581570325        0.7514125713
        -0.4952278014        1.1188855211       -1.4646964648
        -0.9392776217        1.6409388377       -0.1353934848
         0.6472056472        0.6469808189        0.7947389813
        -1.2693843953       -0.1796670212        0.9103419529
         2.0788522015       -0.5625315810        0.1941385656
        -0.1183390183        1.1010896999        0.3035511388
