         2.2535551806       -0.2534592290        1.2508160119
         1.0909535527       -0.8157372267        2.2726133893
         0.6970610179        0.1228617822        0.7694973173
        -2.0224188914        0.7408554361        0.3419429165
        -1.6193326019        2.6925713910        0.3581185351
         1.4908375526        0.8136144667        1.0191769959
         0.0437497664       -0.9227218722        0.4287421867
         1.4423128025        1.6350152726        2.5566928571
         0.1025248717        3.0878246184        0.4172960994
         0.3532390969        0.1856693920        1.7590905679
        -0.5472185078        2.3786431680        0.7505357298
        -1.3699054609        0.5912291521        1.8300365793
        -1.1187104972        3.1167496396        1.0307995289
         2.6368900192        1.2844167750        1.4175378955
        -0.5964768220        0.4499432058       -0.3960569832
         0.1958280709       -0.0697087543       -0.0785184897
        -0.1142008774        2.4028372818       -0.2182503757
         0.8173739893        1.8605090271        1.7964843604
        -0.0947000868        1.2933240967        3.1365391819
         0.9510797008        0.1090417175        2.6047954087
        -0.4113589872       -0.8395849553        1.7386428277
        -1.0400361583        2.0940984893       -0.1115864995
        -0.8047243005        2.5289785330        1.7692241917
         0.9594635043       -0.6484848061        0.2044728110
        -0.3535976245        1.4080295620       -0.2989148612
        -1.2891169718        1.1033213594       -0.1750735664
        -0.7939481509        3.0574237316        0.0960638170
         2.4220519941        0.5930050630        0.8049747462
        -1.0815773370        1.5410131334        1.7963669390
        -0.8898093899        1.4284929653        0.6918110128
        -0.2150132352        3.1458308395        1.3312389007
         1.1579710068        0.8744208074        1.9772383333
         0.4839429533        2.5136518474        1.1002312618
         1.9293960308       -0.9371456726        1.8214516224
         1.7748215348        1.6389866203        1.6042443842
         0.8201469396        1.0182567147        2.9716941497
         1.8455512346        0.8309411562        0.0203605836
        -1.5084500390        0.1476218035       -0.1926034958
         0.8523347789        0.9930713016        0.2250703998
        -0.0309866225       -1.5317678600        1.1780804927
         1.5544177090       -0.9004004641        0.9386641125
        -1.9722825042        0.2323523197        1.1424058535
        -0.2758465554       -0.1366496329        1.0044614260
        -0.7426191014       -0.3716580236        0.1198326163
         1.1503439532        1.7996837937        0.8381253619
        -1.4780370481        2.1741102305        1.1490740296
         1.7483137293        0.7160800879        2.7441380239
         2.1383123127        0.5510160297        1.7995861888
         0.1798338765        1.7158117704        0.4896164165
        -1.8158847216        1.7277863827        0.3510620166
         0.7965610829       -1.4766029527        0.7069592874
         2.1019614025        1.5145140749        0.6580826574
        -0.1445330178        0.7248228694        0.4439481977
        -1.1104288607        0.4435351962        0.6776729111
         0.4934839805        1.0333808016        1.1974961762
         0.1799942065       -0.5060953831        2.4479526874
        -0.4455396054        1.9066835280        2.4703628935
        -0.1634166999        1.7785150118        1.4775652253
         2.3225948717        1.3418305886        2.3221467620
        -1.7517250605        1.1878282136        1.1564117488
         0.1369578912        2.5518903975        2.0296068568
        -0.5718669035        0.0705297940        2.1310723559
         0.5043024990        1.9215168686        2.7169944111
        -0.4852302805        0.7870596819        1.4245480277
         1.3365096530       -0.0958781443        1.5620669347
         0.5766537068        1.7199545363       -0.4717287735
        -1.6012454476       -0.4281197949        0.5624670580
        -0.8230388537       -0.9885595133        0.8684153485
         1.6860545186       -0.0252196850        0.4893801958
         0.3300280177       -1.3913791029        2.0497415442
        -0.7529471990        0.9523914612        2.5169011669
         0.7871143032        2.4331231833        0.1583172088
         1.4755649214        1.7440916677       -0.0785072281
        -1.1981729666       -0.2884397981        1.4310143832
         1.1530657995       -1.5050396050        1.5877684512
         0.0329198164        0.3873301584        2.8393339358
         0.3265640413        0.7551919260       -0.5901637961
         0.1729533909        1.1171771829        2.1804758046
         1.2397046849        1.0495619281       -0.7041640518
         0.5537829057       -0.7306423514        1.3304055022
         1.1207897877        0.1886036936       -0.2917892463
         1.8582386866       -0.1812448545        2.3886216965
