        -0.5095065837       -1.8866366712        1.1647835316
        -1.4532976544       -2.6266366207        0.0730936777
        -2.6033514691        0.1470360172        1.5432387454
         0.7065661433       -1.0672238665       -1.0537133979
        -1.0915932859        0.2427858967        2.3435609623
        -2.2016907506        0.6633626434       -0.0138995380
         1.3031391519        0.1341306621        0.0740416923
        -0.0349005717       -0.6114265621        1.2984077344
        -0.9564384168       -0.9836443501        1.0787681569
         0.2712142950       -1.9688957498       -1.0809768792
        -0.2588455126        0.6296344841        1.9228627767
        -0.4041797498       -1.7077640180       -0.4043239420
         0.6168854509       -1.6218057223       -0.2370336334
         0.3164393471       -2.0848384036        0.5878793646
        -0.5486385984       -0.3253965107        0.3149325555
        -0.4714004141        0.0525952632       -0.7505717952
        -2.0487615830       -1.8956619355        0.1581627305
        -1.3956141585        0.0948716035       -0.3323467032
        -0.3091301081       -0.3189984906        2.2542498232
        -1.1396860872       -1.5741123934        0.2672740283
        -1.9346131687       -1.4078537804        1.0025755471
        -1.0123287194        2.0728990343        1.7405679683
        -0.9312450602       -0.8222438294       -0.4664925575
         0.3851765403       -1.5182965384        1.3862602155
        -1.4029613539       -2.0061263980       -0.6509666406
        -0.8350543418       -0.4203992244       -1.5492968848
         0.8919840935       -0.1194193669       -0.7979226641
        -1.3035785860       -1.6485122699        1.7188173586
         0.9916653425       -1.3685846471        0.6399450414
        -0.7071305141       -2.6775889174       -0.5715817349
        -2.8251276080       -0.5566131441        2.1143093463
        -0.4148593523       -1.2932202890        1.9497659927
        -0.6571494803       -2.0662881963       -1.2952662673
        -1.4035104184       -2.2305889573        0.9314674310
        -2.3333239778       -0.2974133099       -0.3494281239
        -0.5606708194       -2.4433295844        0.3584809240
        -1.5842159564       -0.6577872910        0.3264048226
         0.0949309271       -0.7247575547       -0.3950343865
        -1.4949064719        0.3057711673        0.6532770882
         0.1726428048        1.2613663997       -0.3099602569
        -0.7304127444        1.5916143839       -0.0910037850
        -1.9914146610       -0.1705986853        2.2766176620
         0.1826485643       -0.3059195007       -1.4244930313
         0.1815372728       -2.5016207705       -0.2901376879
        -0.5657482303        1.0435598164       -0.9027437839
         1.0246957123        0.8434339092       -0.4916355817
        -0.8692860145        1.8945932256        0.8376323218
         1.1904726611       -0.8290452628       -0.2166608641
        -2.4968534291       -1.0291255962        0.2887307850
         0.5604296963       -0.4829911321        0.4860304985
         0.4389088661       -0.8967310960        2.1462982938
         1.0508377468        0.2044473634        1.0346622653
         0.4990723365        0.9534322600        1.3824791444
        -1.0406764209        1.2021482312        2.0766202377
        -1.2644761563        0.4531028149       -1.3169728103
        -2.4600851948       -0.0777436509        0.5970547861
        -0.2530759202       -1.1702396053       -1.2796434092
        -1.7068959805        0.5784745505        1.6728678998
        -0.0196567711        0.3280968458        0.8789285033
        -2.1326158549        0.4380562259       -0.9355591730
        -1.7118196611       -0.4298201502       -1.1268960279
        -0.2435508260        1.5697962700        1.5875479808
        -2.1017928753       -1.1230807880        1.9578554192
        -0.1468235289       -1.2294092139        0.4736015908
        -1.8000843949       -0.4174303599        1.3192873212
        -1.5310398656        1.2899854741        0.3981946964
        -2.2693504691        0.8541178970        0.9320716034
        -0.6595600351        0.6602479379        0.1120330386
         1.0089971178       -0.7269765608        1.4076833200
         0.8018698467        0.9347569349        0.4441402436
        -0.0598712925        1.3549672698        0.6348860547
        -1.4608307839        1.0696547682       -0.5490912111
        -0.3898335035        0.4242209020       -1.6885359683
         1.5552008499       -0.5853774672        0.6425007977
         0.3240614942        0.6423351598       -1.0993391362
         0.2721636198        0.2873889959       -0.1045465761
        -2.7152074225       -0.8046790438        1.2227054994
        -1.8903018454       -1.1699147912       -0.4900378821
        -1.6515089094        1.5192097216        1.3445647996
        -1.2020972471       -0.7307205969        2.1046971229
         0.5140998408        0.0445383022        1.8177748880
        -0.8525397383        0.9383117175        1.1158362549
        -0.8530123829       -0.0274132940        1.4225584815
        -1.2398591411       -1.2770190272       -1.2772748187
