        -0.7869613020       -1.3180804139       -0.0606381303
        -1.8490427192       -0.0719153888       -0.4238308332
         0.9344259867        1.4744077070       -0.5294599963
        -0.3761243646       -1.7858931707        0.7153465304
         0.8394385245        0.8969858320        2.1326949767
        -0.7359215502        1.7322811117        1.3800997500
        -0.3185422104       -0.0542782150        2.8434907156
         1.7208306105       -0.7168754112        1.6453541881
         2.1960118716        0.1035292488        1.7082875912
         0.6175492866       -0.1717653629       -0.4958748603
        -0.6824663922        1.9906980577       -0.5652727680
        -0.2275928659        0.0024514185       -1.0122143055
        -1.3207313805       -1.4456106509        0.7633525698
         1.3021454046       -0.8889680980        0.7777297247
         0.1322298033        1.7014684740        0.9253078692
         2.1334291309        0.4281859988        0.0621402767
        -0.9995258107        0.6203089409        2.5408808949
         0.1556575733        1.5712017575        1.8968805985
         0.1088404271       -1.7038877883        1.5919670045
        -0.9757777924       -0.4380284356        0.4563042611
        -1.2001922836        0.4893197206        0.0400152833
         0.3540231721       -0.7533616612        3.0288197355
        -1.1870087036        0.3772798207        1.0748612717
        -1.2705120820       -0.3189526132        2.7156359344
         1.7010197433        0.9225329671        1.6555489069
         1.0040205230        1.6658742909        0.4274558977
         1.1767729947        0.0598793910        1.4177619135
         0.4684867203        0.7788799587        1.1407833238
        -0.4398500910        0.8200484824        1.6375554861
         0.5502816032       -1.5108790734        2.4541073763
         0.4757965470       -0.7002807151        1.2976718960
         1.0059348897        1.5634727408        1.4036589594
         0.9526896140       -0.6297509376        2.2502283384
         0.4510999102        0.8614949145        0.1133576386
         0.1185061228       -1.6791714911       -0.1047526637
        -1.7481140225        0.2039989232        2.0148762783
         0.2645656056        0.1150275468        1.9162288891
        -0.5718474794       -0.9750878396        3.0038941860
         0.1423337874        1.8215530629       -0.0719985989
        -1.9049694851        0.8444432204       -0.6687405028
        -1.1245589264       -1.1366205593        2.2089642724
        -2.0840508694        0.8351680412        0.2643540705
        -0.2099024088        0.0232684859        0.9924825089
        -1.1613925756        1.3482564542       -1.0788831845
        -1.4733120438       -0.5756766930        1.3504992119
        -0.8794158057       -1.8285042950        1.5703711914
         2.3333866672        0.7168634915        0.9467754861
        -1.9840107225       -0.0991846853        0.5480457154
         1.2877271313        0.5708250666       -0.4033347584
        -2.0102294621       -0.7152189901        2.1701731604
         1.8470103325        1.5337038694        0.9008731895
        -0.0153575033       -0.8184062861        0.3944947809
        -0.3960476265        0.8851801930       -1.4040056997
        -2.2036872862       -1.0133264514        0.8578403246
        -1.8142110954       -1.4718097746        1.5961638189
        -1.4157066949        1.4856240818       -0.1509812040
        -0.7079122828        1.5106345674        2.3152853510
         1.4907997049       -0.3080062387       -0.0161923630
         1.3668473420        0.7002389983        0.6386244921
        -1.1295374678        0.3810693522       -0.9889833960
        -0.5410851063       -0.9673177847        1.2550939865
         0.0754422949        1.6234884931       -1.0192947461
         0.4260403773        0.7265038420       -0.9027892655
        -2.1114564390        0.6456733828        1.2098751213
        -0.7124576781        1.8739303973        0.4076370184
         1.0513002237       -1.4111752470        1.6267492835
        -0.0610995207       -0.8723938456       -0.5960117383
        -0.4489927069        0.9446386557        0.6089900323
        -0.0337615869        0.8562074205        2.5788191575
        -0.4588635803        1.0300855919       -0.4196017655
        -0.9664177268       -0.4791125113       -0.5371843962
         1.4858224527        0.1902080207        2.3335390878
        -1.4291245935        1.3068414159        0.8177808632
         0.8304795656       -1.0334731934       -0.0792309115
        -1.7077082463       -0.9127121365        0.0275611688
         0.5942042071       -1.5676121074        0.7399188417
         0.6475520075        0.1472102767        2.8090632226
        -0.7636353168       -0.1083193847        1.9067977607
         1.7849755073        1.3146314338       -0.0284079022
         0.6868798885       -0.0640731019        0.5012528255
        -0.0884207265       -0.8258815187        2.1532157526
        -0.2305995565        0.1016855984       -0.0305404763
        -0.3758291196       -1.7316786229        2.4298848404
         1.9871889908       -0.1820217663        0.8175467265
        -1.4149270768        1.1057391104        1.7782621964
        -2.3999457253       -0.2558090377        1.4325526791
