         0.9869571435       -2.5532308929        1.4963110534
         1.1494544970        0.7341261420       -1.0217053394
         1.9787350395       -0.9200998854       -0.2621459486
         0.9833436792        1.1708584449       -0.1522432641
         0.2913068441       -1.9575347632        1.0591782668
        -0.3580819481       -0.0135868338       -0.5421351566
        -0.8168952775       -0.5570875963        0.7468308331
        -1.0181504930       -0.0109835948        1.6863013469
        -0.9859435068       -0.5737135252       -1.0858165386
         0.6644441265        0.1811623584       -0.3731580166
        -0.2981278185       -1.2876787442       -1.1993351927
        -1.1684059132       -2.1145399970       -0.0025473520
        -0.0359354701        0.9461723516       -0.3071652195
        -1.4726529673       -1.5750698573        1.2167842611
         1.2260374902       -2.2075654539        0.6270254396
         1.0710698304       -1.2427067500        0.9374822653
        -1.9663605266       -2.0359295925        0.5305304665
         1.1051890132        0.7702317093        1.2694596673
        -2.1610984408       -0.3114125822        0.4732708024
         1.9626516299       -1.5182022183        0.5148743158
         1.6442250360        1.2218860088        0.5720421779
         2.4713906300       -1.1907203805        1.2638892682
         0.7178363949       -0.6830787707        1.9066228700
        -0.2697447243        1.3823650929        0.6049574132
        -2.4087106212       -0.1239075481       -0.4257824069
        -1.5264297267       -1.1631516009        0.2541577276
         0.5202086186       -2.8757677706        0.7323121862
         2.3827946379       -0.3186039637        1.6337492107
        -0.1674502591        2.1131376567       -0.8562823908
         0.8548514817       -0.1674553351       -1.3209590988
         0.9182023925       -1.6617332301        1.8607368845
         1.0940819094       -0.6478473196        0.0962680271
        -0.7816071753        0.3663382592       -1.3408221676
         0.3194512772       -1.3756306246        0.2182137575
         2.7825350495       -0.0262053975        0.8263083127
         0.0851916327       -0.9602573807        1.1570566771
         1.7365053785       -1.8822496280        1.3864750439
         1.5867916217       -0.0837132230       -0.6606602203
        -0.2863770922       -1.8907581385       -0.4193852433
         0.8625049722       -0.2372308705        1.0243594553
        -0.3078236428       -2.4997029602        0.3735478289
         0.0104623765       -1.3579337982        2.0675927003
         0.5550327059       -1.0547842671       -1.5771339676
         0.4346747437        0.5885737756        0.5476892725
        -1.4675461135        0.2802314043        0.8443033421
        -1.2196069025        1.1429695335        0.4145503516
        -1.8618701916       -0.8419837266       -0.7259469439
        -2.0070832189       -1.7605673309       -0.3792771821
        -0.7078725786        1.6841572293       -0.2289416052
         1.4696311778       -0.0173916033        1.7781907795
         0.3433228792       -0.7689795227       -0.6254160152
        -1.8871674405        0.5493008793       -0.0115366864
         0.4941102439        1.4672271261       -0.9778317189
        -0.1214874647        0.0551905139        1.2374054747
         0.1690659332        1.0485328759        1.4274652308
         0.1917842880        0.5640132934       -1.2447134777
         1.8573615368       -0.5186784360        0.8133448075
        -1.0619569508        0.7813127355       -0.4902386072
         1.4315574849        0.2963191623        0.3465181507
         2.0430100218        0.4892972945        1.1680190802
         1.8750827282        0.8125448787       -0.3531667279
         0.1141266428       -0.3853682246        0.3193930787
         1.6584045801       -0.9787320757        1.7342059317
        -0.8040093753       -0.9729278459        1.6551308501
         1.2721940732       -0.9885969647       -0.9398322763
         0.5629577015       -1.7088884745       -0.8712233835
        -0.6134192034       -1.5635326808        0.6591127011
        -0.2436613537       -2.7876131409        1.2929456834
        -2.5213903622       -1.0363851974       -0.0501897754
        -1.1553145547       -1.5170075233       -0.7800620634
         2.4732436289        0.8059040887        0.3809830045
         1.2354686757       -1.6009090658       -0.1678932275
        -1.6644184151       -0.6142992466        1.2602746530
         2.3422382730       -0.0412738526       -0.0311986733
        -0.4808097725        1.2815449319       -1.1389417390
         0.7114547696        1.5107574173        0.7336671822
        -0.5853183402       -0.9677040449       -0.1812605925
        -1.6563097504        0.1399597517       -0.9367455864
        -1.2983580801       -0.2236175555       -0.1046129613
        -0.6156587448       -1.9538707386        1.6072592727
        -2.3156363379       -1.2134619653        0.8573118618
         0.2670474376        1.8698394236       -0.0678315850
         0.5521713965        0.2880981885        1.9458042715
        -0.3584319581        0.5649090383        2.0837604797
        -0.1063376665       -0.3505223630       -1.4798000287
        -0.5878513320        0.3938245833        0.3787121322
         2.6913477572       -0.8657093342        0.3971601565
        -0.7921232149        0.8654658470        1.2686242990
        -0.1860639019       -0.3807744002        2.1306322285
         0.5435246046       -2.3031234215       -0.0687620251
        -1.1097672564       -2.4243475883        0.9161153921
         0.2067291628       -2.3199273587        1.9886445290
