         1.2153119874       -2.2419065599        0.8678698633
         0.5520805916       -1.1055712344        1.9579086719
        -1.1292861920       -1.3421148756        1.6413735166
        -0.0674341066       -1.4706650532        0.0243545946
         0.7087018989        0.7586628252        1.0201262016
         0.1028407802        1.5897548030        1.1886927470
         1.9898028195       -0.5510142008       -1.0042658071
        -0.1099524932        0.9410276094        0.4147999311
        -0.4583222320       -0.1838481051       -1.2787535366
         0.8800391855        1.4337230877        1.7527654305
         1.6358231301        1.0832995099        1.2592996053
         0.3810457754        2.2594375630       -0.6481240039
        -1.4298971615        1.0767595412        0.6371715654
        -0.1758850642       -1.6824154346        1.6691530919
        -0.2869736206       -0.5101713297        0.1937961075
        -1.0440698914        0.5749902120       -0.9970579876
        -1.6230797178        0.4661898196       -0.2122564460
         1.7965031134        1.4060750424        0.3338717251
        -0.3733684941        2.3545063451       -1.1876774093
         2.3600355720        0.3495588411       -1.1263450011
        -0.6031337131        0.1856935006        1.8794238750
         1.3114098863       -0.2116833294       -0.3765701256
         3.2155248264        0.5632242146       -0.7163119244
        -1.0253618293       -1.1487939815        0.0228774337
        -1.4129724553        0.3408586997        1.3522645659
         0.7819774951       -2.0030468743        1.6817798384
         0.1086127068       -0.9163324044        1.0537894411
         0.4941623351       -1.4128290891       -0.7756114839
         1.7732695532       -1.6453499011        0.3300575785
         0.3582816344       -0.1251546383        1.8962361946
         1.7135315658       -0.6331093847        0.4852071641
         0.5217534284        0.1313819909        0.2067320803
         2.6230048009        1.2650256405       -1.0860126698
         2.5799155680        1.0445080643       -0.1595277595
         1.6602094593        0.7560804585       -0.5012170432
        -0.9399992616        1.1685650149       -0.2063546397
         2.3010694935        0.0202332078       -0.1180379318
         0.8057219960        0.9189069401       -1.6540162712
         1.0232634704        1.7550065461        0.8508972359
         1.1027800278        0.5107583251        1.9004940809
         0.1946288197        1.6702510894       -1.4678035189
        -0.7372372516        1.4976159304       -1.1321607635
         0.3297145993       -0.4391584220       -0.6462894334
         2.3864315546        0.7025642933        0.7397196024
        -0.5507104573        2.0871495592       -0.3119982841
        -1.9264192238       -0.4624609368        1.1903666526
        -1.6612501817       -0.4438439358        0.2605818703
        -0.6841558655        1.7125287658        0.5854920110
        -0.6604255820        0.9658900598        1.2497671114
         0.6760795034        0.5277228394       -0.7639041248
        -0.4585447638       -1.0426934315       -0.7711933405
         1.2919837246       -0.4625719940        1.9593415044
         0.8567213612       -1.8382553165        0.0454831790
         1.5000069185        0.3843934714        0.4526952564
        -0.6544267807       -1.5643638751        0.8307578402
         1.0586493735       -0.7409067133       -1.2785462910
         2.5509150957       -1.2158678995        0.7136512598
         0.9197124056       -0.2601197140        1.0602180734
         3.7381390494       -0.1126180262       -0.3493722264
         0.7275564540       -0.8674447747        0.2153040385
        -1.0589074547       -0.2935454163       -0.5023665682
         1.4098301998        0.1839627682       -1.3663377012
         2.0253367749       -0.8486702252        1.4384027960
         0.4649088584       -0.0097201814       -1.6042004560
        -0.1427941639        0.7463373779       -1.3876291854
         3.1691286142        0.3357239579        0.2438076209
         1.4725668372       -1.4288309512        1.9990251886
        -1.3332997181       -0.4571496029        1.9303952537
        -2.0363129053        0.3492016807        0.6319354865
         0.2352260196        1.9411019741        0.2745339996
         1.8251611783        0.1229422292        1.3603204606
         2.5845952734       -0.2482296096        0.8307831924
         1.9361000310        1.6975706052       -0.6023494882
         3.1676772002       -0.6456259512        0.1634926350
        -0.9092546593       -0.5675431604        1.0345695374
         0.8647748948        1.1241105023        0.0657937329
         0.3000749973       -1.9020561215        0.8498344746
         2.3466898859       -1.0001496049       -0.2152921105
         1.4063987472       -1.2005916813       -0.4809873156
        -0.4043288100       -0.7739082076        1.9304441564
         0.0476619389        1.3217111473       -0.5410566999
        -1.5881436569       -1.2626052984        0.8098407919
         0.1365539538       -0.9161245377       -1.5163557227
         1.0156710343        1.5306080252       -0.9113630440
        -0.2974086862        0.3485565496       -0.4094491278
         0.1344700020        0.8315796355        1.8363058270
        -0.0961428489        0.0929653717        1.0328832752
        -0.9233883052        0.2695367391        0.4360900295
         1.1161213440       -1.2660003385        1.0759968166
         1.1624629009        2.0464165841       -0.0854185494
         2.9411679203       -0.3847649943       -0.7585406376
         1.7509693522        1.1124495209       -1.4163732100
         1.9559403958       -1.8003657693        1.2691020190
