         0.9721635885        2.3343338710        1.5107546916
        -0.7773389672        0.0485574103        1.3138001562
        -0.2346093602       -0.9682544321        3.6160385302
         0.8484787639        1.0715013774        0.8676135056
         0.5904305727        1.9535790767        2.3361504451
        -0.2333156599       -1.0933281739        0.1412633149
        -0.4255437531       -0.3233967515        2.9379940921
         2.1085960602        1.6396809258       -0.4456033937
        -0.1956443187        0.6238790151       -0.0935320301
         1.3750239113       -0.8618519121        1.0263825411
         1.3378099713        0.4270747675        2.1281127799
         1.4182281868       -0.2007774346        2.9296379578
         2.1681795953       -0.7277022336       -0.4304492817
         2.0266516194       -0.7799352467        2.3994868684
         0.8869609116        0.3046685862        0.1838043024
         1.0701489014       -2.1345723194        1.3226772209
         1.8797445507       -1.7176722365        0.9594263263
         1.4533904187        1.6986010814        2.6702828172
         2.6418135908        0.6366300825        0.7455791904
         2.7082240530       -0.1098694316        0.1010787433
         0.1593496050       -0.2927490827        1.6167306149
         2.5806060643        0.0509644598       -0.8606292262
         0.5551913927        1.2531625149       -0.0623471982
         0.3937139883        0.7060259793        1.7625650188
        -0.1541111581        1.2929567035        2.3331327895
         2.0722537136        2.4014866993        0.2295951449
         1.2763949220        1.9364879359       -0.0476763894
         2.5355565326        1.4258213756        1.4097066067
         1.8300266511       -0.3736615024       -1.2625364748
         1.5477636217       -1.4521325001        1.8588015852
         0.0748749114        0.3775268157        0.8338439076
         1.7552534597       -1.5470258308        0.0035492457
         0.7095642765        1.0643913770        2.7286537443
         2.6948144259        0.5024059085        1.7189286846
         0.4661785719       -2.4773756832        0.6545040610
         0.8134864117       -1.5304700663        0.4801042851
        -0.1606658348       -1.7709045497        0.8461138444
         0.1144336005       -1.9820131310       -0.0744495677
         0.5610925268        0.5245416472       -0.7302764545
         0.6155061565       -0.6309948614        3.3410817658
        -0.4574306224        0.3534218384        2.2033952065
         0.4710769731        0.0370616502        2.5606319904
        -0.4190681203       -1.5274318375        1.8145025621
         1.7657591967        2.8242296762        1.3437721721
         1.3008361791        1.1694116876       -0.7147057994
         2.8345167942       -0.4002940847        2.0281963755
         2.5504183919        0.8001987234       -0.2308757823
         1.6649757336        1.0225411268        0.2291874173
         1.4225407682       -1.1974677274       -0.8387777767
         1.0243694128        0.0965973490        1.1770819421
         0.5819630668        2.0030479264        0.6532880694
         2.1282593272        0.8546821894       -1.0954237173
        -0.1123223397        0.6324329327        3.0864459422
         1.3185331556        0.4238680360       -1.3492955456
        -0.5300287587        0.9996620691        1.4598421348
         0.2402248376       -0.9695573866        2.3886954189
        -0.6820857407       -0.6187017394        2.0416508651
        -0.4647364420       -0.8575008515        1.0795747889
         1.7921565064        0.7926737559        1.2329993184
         1.6870248103        0.2130015176       -0.4455219221
         0.3303214687       -1.5757774231        3.1506065304
         0.5232343645       -1.1830022011       -0.4734804114
         0.1960615347        1.6823801534        1.5008169969
         2.8236754726       -0.2682367764        1.0755287310
         0.1561511774       -2.2835194281        1.6031408604
         1.0097634476       -2.0117654914       -0.3940970080
         0.7860160473        0.3670016723        3.4342766535
        -0.5882423124       -0.1968500780        0.3559097845
         2.3924052644       -1.0775394152        1.5099969164
        -0.5817597554       -1.3062855765        2.7974546783
         1.3758986423       -2.3547371200        0.4139813962
         2.4968079371        2.3200097089        1.0815702394
         1.2504024320       -0.6567088207        0.0184576705
         0.1807989198       -0.2675494933       -0.2517452759
        -0.1457767864       -2.1028685568        2.5207822612
         1.8301680228        0.0259800244        0.5490079014
        -0.0118855480       -0.0369896018        3.7514648935
        -0.8616859531        0.6918197204        0.5970509884
        -0.1508226161        1.3432037978        0.6171167429
         0.4447180829       -0.5869752691        0.6661742235
         1.6307253876        1.8173511119        0.9241686495
         1.5987733521        0.7750334468        3.0118381404
         0.5105508894       -1.2941010546        1.4428666437
         1.9165253607        2.0553041186        1.8764053527
         1.1700111772        1.3863048776        1.7851165283
         1.9587747642       -0.1791074120        1.5632775548
         0.9316343294       -0.3623412714       -0.9092314394
         2.2370490322        0.1820760070        2.5312364525
         1.2383303220        2.6918509928        0.5942959844
         2.0898378188        1.1228277237        2.2340747105
         1.1936522113       -1.1729244015        2.7679242663
         0.7396288628       -1.8697910303        2.2631424187
         2.5143691858        1.5707047561        0.4316591083
         1.0965322158       -0.5696576101        1.9796015696
         2.2648390314       -0.8833190123        0.5551813325
