         2.1349591105        1.3426101919        2.1546674991
        -0.5315058133        2.2216959430        0.6113524363
         1.2659544577        1.8636170795       -1.1694863430
         0.1093535106       -0.4511526998       -0.3460724283
        -0.2441439187       -1.3041428152       -0.7202493467
        -0.9796897218        1.2074672685        1.4161911235
         2.7462288292       -0.0434359616       -0.2226050165
         2.2017393237        1.4281314354        0.5143682767
        -0.0095939762        1.6041653204        1.2900501656
         1.7362620767        1.6622979368       -0.3420743799
         2.7287747126        0.6000242989        0.5807739599
         0.4286782904        2.3806687516        0.5062496949
        -2.0820580011        0.4813152115       -0.0843673905
         2.3730723759       -0.8878794325        0.4475010370
         0.4504821117        0.3208125613       -0.9586635778
         1.3091156447        1.9135496076        0.5044606180
         2.7219133149       -0.7280950849       -0.9686861269
         1.2279529679        1.7252193995        2.1317407540
        -0.3160678418       -1.3524341531       -1.7463505638
         1.8504863601       -0.6439155891       -1.4781125309
         0.2936241510        2.1249555500        2.1151818113
         1.8542990237        0.6962869705        1.1839054171
        -0.4688585615        1.5627570699        2.1767557377
         0.5099011963       -1.4082097009       -2.2167491256
         1.5481630220       -1.3552331654        0.1686719633
         3.0976512713        0.3265424810        1.4103421064
        -0.1727984984        0.9923688131       -0.4568124106
        -0.5921065929        1.2098847539        0.4688130049
        -0.8990287838       -0.6912868125       -2.0978880322
         0.5585926524       -1.4477260150       -1.2706449387
         1.8039967979        1.7209356437        1.3476995775
        -1.5409399283       -0.1515552795       -0.6080302868
         0.4337874451        1.1722443625        2.1598244669
        -1.9298034403        1.4177691847       -0.0141307901
         1.8959716491       -0.6082025992       -0.4367593788
         2.3473999993        0.4330770125        1.9868696371
        -1.3892747837        1.7923911153        0.7589540013
         1.3743784185        0.2836797485       -0.4911947143
         1.0198580413        0.1592229849        0.9301261645
         1.3899419897       -1.4459192133       -1.7742082075
         3.1288321651       -0.9039926177       -0.1229703806
         0.7072853455       -0.6662499746        1.5057391302
         0.1654750482       -0.3713290646        0.6845732720
         0.5751909501        0.2526968800        1.8224262445
         0.8604056710        1.0751493453       -1.5697088110
         1.5156768664       -0.1244102826        1.7463839658
        -1.4061208328       -0.0405868585       -1.5602796161
        -0.1685710595       -1.2533985662        0.2781047008
         1.4773299058       -1.4883590633       -0.8080064739
         1.3307331357        0.2099662221       -1.5053954941
         2.3988079892       -1.4592741404       -0.3884607734
        -0.0778394806       -1.1773540857        1.2436689020
        -0.6088272630        0.1392214998       -0.8897092926
         1.9107742236        0.0325599915        0.3789495070
        -0.8475253512        0.2660739958        1.1024440705
         0.8823205077        2.1872631576        1.3543587808
         1.3609866430        0.9311882467        0.3175350156
         2.3564764252       -0.2424771641        1.2493389374
         0.3100663480        1.7855876626       -1.1280312410
        -1.1800165734        0.8195481446       -0.3504597054
        -0.0923043496        1.9751197224       -0.2537649942
         0.0144485453       -0.6044840572       -2.3398845379
         0.7252273418       -1.2669225444        0.7135589527
         2.2170230830        0.1583799730       -1.0324520473
        -0.5220674880        0.1616099814       -1.9126026672
        -1.4308912457       -0.0938903701        0.3651346792
        -1.6229682818        1.5202234541       -0.9087904923
         0.0869223808        0.6248243493        0.9946826182
        -0.7754507760       -0.6709097046        0.8213162498
        -0.6598531594        1.6509490126       -1.0194783561
        -0.8312350764        2.1542173780        1.5256653902
         1.3814971466        0.7648297882        2.1064150440
         0.4270282381        1.3944751646        0.3839280919
         1.5320996666       -0.7474522409        0.9700400609
        -0.9445671368       -0.7944958720       -1.1538871986
         0.9369422332        1.1754602911        1.2769014038
         2.2180260298        0.8047815018       -0.2617312350
         2.2650973961       -1.4830152157       -1.3336146517
        -0.2188633102       -0.2977896990        1.6014509064
         0.9308909406       -0.6052245487       -1.9392099208
        -1.5295909548        0.8388295190        0.6454281506
         1.7368242189        1.0222952045       -1.1030442036
        -0.0097688404        2.6016653136        1.3523326380
         0.9806712998       -0.5909538862       -0.9247189582
         0.6448067729       -1.3422675207       -0.2736241966
         0.4901753838        0.4190401788        0.0749006872
         1.0331651756       -0.4884770545        0.1215484322
        -0.3423597974        0.6358293678        1.8908627279
         3.1135743863       -0.2904463238        0.6417020489
        -0.5129043556        0.2227179980        0.1539421160
         0.4419185379        0.2483989031       -1.9522650384
         0.8666538145        2.1587076681       -0.3478965827
         0.8520075903        1.1822764394       -0.5482865844
        -1.9364840414        0.6299560546       -1.0106246382
        -1.0814070471        1.8530581928       -0.1594105376
        -0.8442066524       -0.6988258789       -0.1670566848
        -0.1102819601        0.9620268474       -1.4850223148
         2.6779163876        1.1810271085        1.3933356658
        -1.0924068686        0.8634635138       -1.4134959758
         0.0356603348       -0.5228753711       -1.3651693620
