         2.7349657432       -1.1233397899       -0.0780825635
       -0.3395908026       -0.0861190897       -0.9188266189
       -1.6710332802        0.6814108131       -0.9398340997
        2.9557473040        1.0424728508        1.4142446497
       -1.1626684564        1.4968398346       -0.8293165075
       -1.0821229694       -0.1057636970        0.3691927672
       -0.7903448052        2.4338021074        0.4171194672
       -1.9795142410        1.4344091116       -0.3248728275
        0.9121121805        1.3907924641       -0.2083507639
        1.1384213803        2.3439620526       -0.0265130349
        0.1375459281        0.5938496762       -1.5521265847
       -0.5254305149        0.7152229978        0.6543212738
        3.1443293783        0.0757161719        1.4748388157
       -0.0723029839        1.0369704120        2.3550399469
        0.8218649749       -0.2956660428        0.4319386198
        0.4847793224        0.7023301930        0.4559668137
        0.2180871652       -1.0407551903        0.0807209478
        0.6192172172       -0.3562377661       -0.5991557175
        0.5959880035        2.9061138037        1.7783569084
        1.3637772642        1.9898318881       -0.8902686572
       -2.0329521151        1.2972960461        0.6121527193
        0.4387662288       -0.3427833433       -1.6009998648
       -0.1856367912        0.1039950027        2.0520643072
        1.6308017748       -1.4893125127       -1.1758257383
        2.1883219455        0.7375990410       -0.1107696537
        1.2158574696        1.3084955005        1.5748957267
       -1.3234762532       -0.1576565507       -0.5952012256
        1.3496502429       -0.6812184943        1.2058220254
        0.6517301883        1.6621818815        0.7628362949
        1.5474369457       -0.1007166779        1.9862837252
       -0.6272245277        1.7433332403        1.9654102865
       -0.5306366303        2.1649665706       -0.4873808049
       -0.8859741980       -0.1183033314        1.3413576510
        0.2379004113        0.9620881526        1.4124882898
       -1.4776977671        2.2366441759       -0.2595153035
       -1.4600405059        0.5926533771        0.9716471196
       -0.1976542962        1.3905306132       -1.0192934983
        1.9562704750        0.1219555385       -0.8703532463
        0.4281244498       -1.0147432353        1.0503713155
       -0.4994588524       -0.1425484001       -1.8848716004
        0.1829756070        2.3531169415        0.1987012887
       -1.1197024790        1.4473879835        0.2368156269
        0.4256611536        2.1006474689       -0.7177176324
        2.2872240651       -0.3547640414        1.3744548571
        1.4687373792        1.0156165378        0.5950202313
        1.3732758497        2.3168209873        1.6609536439
       -0.7321599193        0.8049421121        1.6353299805
        1.8116746353        0.0322021764        0.5790423148
       -0.7722728691        0.6804318860       -0.3683767565
       -0.2707963633       -0.7754477058        1.6757724290
        1.8797981705       -1.5129396197       -0.2536393602
        1.0484013000        0.3639234702       -1.2227505611
        0.9310805598       -1.3394119985       -0.5562392765
       -0.4864015558       -0.7995266038        0.7289132553
       -0.8135674123        0.7049784949       -1.3956833993
        1.6481299511        0.8031671241        2.3405890701
        0.7592992425        1.3078798497       -1.2266544805
        0.7241147849        0.4698242479        2.1711020824
        0.0791263575       -0.0184058564        1.0993148280
        0.6267402551       -0.4496998772        1.8421896257
        2.9305277925       -0.5381195248        0.6771502027
        0.7339450027       -1.2639752663       -1.5042920498
        1.0591339970        0.3226727179        1.2380374288
        1.2371216354        0.4068417559       -0.2199534741
       -0.9857407877        2.4166318479        1.3666497505
        2.4682544132        0.2177598573        2.1795370574
        1.5650496701       -0.5743668334       -0.2317239659
       -1.3325352440        1.5165546258        1.2682790912
        0.8269498718        1.3925775187        2.5186053524
       -1.7046371059        0.5799677517        0.0214949384
        2.1617334447        1.6720525662        1.5343068250
       -0.0085816200       -1.0995812743       -0.8987292906
       -0.8981721033       -0.8170690475       -1.2589502095
       -0.3668728707        1.6891009871        0.9768502867
       -0.1145242533        1.4103709418        0.0092587007
        3.2956983017        0.6498761885        2.1900014336
        1.1432459217       -1.2534736026        0.4059761767
       -0.1667770690       -1.0344173578       -1.8306721621
       -0.2719327167        2.6348412245        2.0564991087
        2.0322652786        0.6612541900        1.3974533700
        0.8895946873        2.3546252074        2.4944213103
        1.3796072960       -0.5806197398       -1.2603605199
       -1.3779059622       -0.0457515160       -1.5367336740
        1.7065848931        1.7694872993        2.3842753006
        2.2713841995       -0.8504764197       -0.8683720755
        1.6239945956        1.9921901342        0.7584227015
        0.2895394064        0.6432028227       -0.5655099322
        2.0734859308       -0.9747474285        0.5840630335
       -1.6853715917        2.1803259454        0.6663297259
        0.8673170922        2.6265667359        0.8799741044
        2.7385932727        0.4088369888        0.6658712902
        1.8859468885        1.6805549370       -0.1345802546
        0.3812090203        1.9325439078        1.7157249996
        2.4004496185        1.3423620498        0.6471788754
        2.5317442531       -0.1994917757       -0.1353354054
        0.0384903252        1.9629706030        2.6535465576
       -0.6912484923       -0.8082580585       -0.2510407550
       -0.1240585209       -0.0564988161        0.0837782028
        1.6593486794        1.0681725516       -0.8824703150
       -0.0833168843        2.6634857463        1.1115549557
        2.5340233730        1.1905955635        2.2875160376
