        -0.0465594091       -1.4662267718        0.6411286691
         1.0000188719        2.4968113089       -0.6607401480
         1.8225384853        1.3552397994        0.3735041421
        -1.3230383279        0.9988642218       -0.6832102473
         2.6160466295        0.3253260498        1.3593687127
         0.1872117800        3.0138766462       -0.4707445626
         0.0871144441       -0.8802743704       -0.1512042721
         0.2171541284        1.4947954667        1.1949259331
         0.3125433458        0.2958548068       -1.7440181142
         1.7839782580       -0.6117499619        0.1998518949
        -0.6898412330        1.0625785235        1.3586270742
        -0.4210595725        2.3482979018       -0.8848381069
         1.2143690413        0.5290350697       -0.0600788410
         0.4753729045        0.7357003107       -0.7177608780
         1.7643037634       -0.1694617558        1.5145762275
        -0.4270128773        1.3909755176       -0.4194442101
        -0.6929752506        1.3184514237        2.3342500526
         0.0728715054        2.4755385278        0.8944471735
        -1.5266525184       -0.3494334199        0.7604692661
         0.8524047294        2.2521073719        1.5751786883
        -0.6498895159       -0.2836831352        0.2209526102
         2.4335523191       -0.4911200881        0.9047817702
         1.9636986077        0.3555254963        0.6222262565
        -0.5985719132       -0.0511714277       -1.4886483616
         0.2849823729        0.1322101804        0.0719911441
         1.6835045563        1.7521914500        1.3342542941
         2.6157055564       -0.1308830473        0.0387840095
        -1.3892803468        2.2764592672        0.5232640103
         2.3823130021        0.7696217078       -0.2800688607
         0.8601451081       -0.6584702218        1.6208769163
        -0.2206217306        2.0210074324       -1.8079145065
        -0.8515888242        3.0100835078        1.8990939686
         0.9164363129        1.0421261635       -1.5974670259
         1.6765782945        2.3350411370        0.0402748135
         0.9906396202       -0.4207065426       -0.3572101755
        -1.4678775921        0.3187841916        0.0302634437
         1.6316070144        0.9025871702       -0.9212846291
         0.1954765147       -0.2375686591       -0.9171009644
         0.1732630037        1.2163366810       -2.2121444641
         0.3829086423        1.7196438216       -1.0304521853
         1.0899557085        0.1287659966       -1.1716043244
         0.0403624722       -0.1752566573        1.8601424677
        -0.1609690824        3.4858049763        1.3690053420
        -0.2939692933        0.9942832889       -1.3690844696
        -0.4763202734        0.5005964203       -2.2600487290
         0.0738350359        2.7428202229        1.9119287235
         0.0113610154        3.3359042934        0.4451707658
         1.5205401598        2.6582833310        0.9589020788
         0.0935163981        0.8160168218        1.9850446312
        -0.8382930173        2.9835277557        0.9296928723
         2.0895469597        1.6830444070       -0.5361071030
         1.8661264461       -0.0077659667       -0.5752761198
        -0.5549688177        1.7443704787        0.5227586190
        -0.7048514197       -0.6672720557       -0.7221329373
        -0.7013215006        0.0465613442        1.1860374442
         2.5312423239        1.2688134464        1.0954397134
        -0.8104475914        1.3667564187       -2.1896142447
         0.2325150285        2.1081648390       -0.0789792509
         0.9531361841        1.9126134548        0.6257051068
        -0.7688575899        0.3324144036        2.1577841508
         0.9622088097        1.2964718894        1.8402563985
        -0.6197873702        2.2865131929        2.4694598818
         0.1528214088        1.7937349545        2.1480714000
         1.4035385763        1.8195601077       -1.2289278131
         2.9398954793        0.6317223721        0.5107613166
         2.3242406605        2.1595999917        0.7301501027
        -1.0254755773        1.6787660977       -1.3054524232
        -0.0647100962       -1.1351396214        1.6098713500
        -1.4927212237       -0.6337315569       -0.1658500537
        -1.5422426391        0.6143507647        0.9793080314
        -1.2025579476        1.9873991613       -0.3901574995
         0.9248411888        0.3192322159        1.7142721299
         1.5720280490       -1.0025603332        1.0629985114
        -0.5982390623        2.6638730264        0.0381313207
         1.0836534919        0.9157068342        0.9059733342
         0.8854204781       -1.0779124951        0.3796470337
         0.3283299499        1.1319516795        0.2303448933
        -0.5262105527        0.3751595544       -0.5642097767
         1.0754571464       -0.1320306090        0.7542555455
        -0.7930128676       -1.2481654752        0.0660982040
        -1.5000402223        0.9181221617        1.9248723208
         1.8068747843        0.8069576430        1.5878697786
         0.1592218917       -0.5369970389        0.8672955433
         0.1980864435        0.4850882869        1.0289782721
         0.7189097193       -1.4976300991        1.2090100257
         1.0976933152        1.5265995042       -0.3265255579
         0.3739720198        2.6568949511       -1.3644823246
        -0.6569457193        2.0846641569        1.5071086460
         2.7658215658        1.5336559700        0.1748334683
        -0.8244817885       -0.6211124473        1.9105826882
        -1.4267537252        1.8958910319        2.1289099901
        -1.5486127413        2.5463210651        1.4444117168
        -0.5948195253        0.7475613769        0.3850389915
        -1.5450655531        1.5959870591        1.2095811702
        -1.3827101276        0.0199648087       -0.8999703010
        -1.2063266078        0.7039359851       -1.6043562780
        -1.4194328355        1.3029139837        0.2624801688
        -1.5440783506       -0.0356288392        1.6945425816
         0.7060056709        3.1545148989        1.1876151695
        -0.8129666228       -0.9716722137        0.9982973807
         0.7410840322        1.9561368904       -1.9153500492
         0.8493892848        2.8740919117        0.2586522245
