        -0.6670865670       -2.1787924552       -0.0809356608
         0.8760047102        2.3705376361       -0.3058400151
         1.7640909548        0.8013792189       -0.2000969326
        -1.5196008589        1.6217045484       -0.6893682522
         2.8084764041       -0.1649101772       -0.5697597905
        -0.2659843244        2.7593642034       -0.9883073208
        -0.5615729350       -1.4428173315       -0.6731714064
         0.4517995328        0.7002798489        1.1051437034
         0.4863768821       -0.2525208638       -1.3108747526
         2.1913152986       -0.5163982454       -1.2026728851
        -0.4938000417        0.3178028784        1.3692851858
        -0.0125048200        2.6738253295       -0.0636894150
         0.9713847567        0.3042242984       -0.6365665201
         0.1477515664        0.8133771753       -0.9253104720
         1.6640433959       -1.1141641210        0.3494661649
        -1.3576834467        1.6624355157        0.2792105103
        -0.1159306176        0.2544030560        2.3242554055
         0.4946553372        1.7036594673        1.2631572548
        -1.4815108879        0.0072498978        1.3502493968
         1.3722928853        1.1984517371        1.5296819790
        -0.8794028668       -0.5231737576       -0.2163700882
         2.0503075615       -1.1714901096       -0.5264655469
         2.5341524036       -0.7086981870        0.1590105853
        -1.3743768177       -0.9359518065       -0.9795131204
         0.0662711390       -0.1063040792       -0.4064594668
         1.9460431194        0.7564413033        0.8416310692
         2.2377174222        0.4484595143       -1.0598307468
        -1.1585760661        1.7052975378        1.2466718741
         1.8180916292       -0.2190517886       -0.3103469777
         0.7462231391       -1.4909072753        0.5135129399
        -1.6248888997        1.5549186878       -1.6473445357
        -0.0598523936        1.9860524907        2.4492456719
         0.6708758457        1.5627954638       -1.4841283910
         2.2284489774        1.4399918201       -0.7710811009
         1.4378594951        0.0432278897       -1.4720967678
        -1.4938875012        0.7820619029       -0.1658070899
         0.6767735498        0.6030323404       -1.7215029534
        -0.4561283320       -0.5712506303       -1.1483155019
        -0.1224224348        2.1265897491       -1.7101489531
         0.0433109355        1.8625995597       -0.7282762975
        -0.0958479917        1.1556698094       -1.9699006540
         0.1296041117       -1.0416131658        1.1515562434
         0.5017709176        2.5037432471        1.8345164249
        -1.2281817535       -0.0843919136       -1.4894465031
        -0.3015037682        0.2675636849       -1.6487106012
         0.8106760656        1.6565120018        2.2264150979
         0.2451328719        2.5990670398        0.8834145468
         1.9111626732        1.7469667105        0.9009909472
         0.4284133310       -0.1732933578        1.6113417920
        -0.3736681032        2.2038643799        1.5517111439
         1.4574311936        1.0113337792       -1.2359422012
         1.2782152277       -0.7948294310       -0.9993403930
        -0.4055954434        1.2138499679        0.8227330366
        -1.7015570909       -0.0960018350       -0.6254704610
        -0.7389955935       -0.5133592678        0.8529512804
         2.5673857460        0.2859639986        0.2470524140
        -0.8604367624        1.7043873708       -2.1578213579
         0.2623423252        1.7737061287        0.2676713216
         1.1220021470        1.2605245247        0.5331343409
        -0.4280630399       -0.6001969563        1.8436756160
         1.3062944734        0.2195167825        1.3893165584
         0.1779826153        1.1086485973        2.7438798116
         0.7272852489        0.6831898129        2.0680742677
         1.4361505467        1.9813323131       -1.0105037938
         2.8848900242        0.8196624737       -0.4711080651
         2.4761439100        1.3209455523        0.2186120331
        -0.7171001236        1.3148097159       -1.2008687136
        -0.1783457993       -1.8485240437        0.6721932082
        -1.7836766563       -0.9236166689       -0.0810190103
        -1.5776857944       -0.0676750053        0.3666747816
        -1.3402281029        0.8310108038        0.8128415365
         1.0288608623       -0.6379298753        0.9568536809
         1.1404524906       -1.5383118395       -0.3694655545
        -0.6003504047        2.1995934067        0.5828581375
         1.1247052921        0.2502193656        0.4025097633
         0.3535902015       -1.0884827111       -0.7883209964
         0.2763511925        0.7550063629        0.0918651735
        -0.5866811715        1.2628584412       -0.1696357922
        -1.4360914091       -1.7291170414       -0.4487786884
        -0.7698508484        0.3715564527       -0.7425112833
         0.8840784287       -0.6205612444       -0.0620602547
        -1.0267933366       -1.4051535046        0.3652939222
        -1.0512310213        0.0388220766        2.2222094996
         1.9187654931       -0.2509247164        0.7546315659
        -0.0642435604       -1.0120839612        0.1442976936
         0.1984795505       -0.1435000487        0.6242104138
         0.2319993142       -1.8967942138       -0.2156951091
         0.9038310680        1.3447704813       -0.4678212069
        -1.0238283512        2.2488471217       -1.3420502784
        -0.1972312604        1.1804023487        1.8325746801
         1.7115136849        1.8672222992       -0.0636080429
        -0.7757700370       -1.3772103696        1.3181920570
        -0.7464492477        0.9101875603        2.6366746255
        -0.9452564232        1.7350617537        2.1998666023
        -0.6315009884        0.3566952873        0.2941493836
        -1.2231365316        0.8922291506        1.7959651493
        -1.6377551802        0.7369511930       -1.1528262545
        -1.0714910763        0.7833656109       -1.9498623746
        -0.8439118024        2.2456992954       -0.3781409700
        -1.3544322396       -0.8162695218        1.8087353792
         1.3453156106        2.1652933358        1.5747313945
        -1.6489467815       -0.8754320543        0.9138854493
         0.6319828435        2.5034234831       -1.2189474938
         1.1188781389        2.2749587056        0.6469902608
