         0.2431922415       -2.5526442886        0.2708682517
         1.0677775905        1.8699045452        2.1606045828
        -0.3169054031       -1.7779010597        0.3846182261
         0.1806968612        1.3011441708        2.1645806000
         1.1312379520        2.4425240404        0.0141540855
        -1.5507667662       -1.2301381055        1.2576069997
         0.5798848831        1.7353631386        3.0023000836
        -1.6032622112       -0.3984570261        1.7978678317
         0.2893052797        1.8628291111        0.0459635162
         1.1804150318        0.4746851184       -1.2616416982
         0.2249598942        0.4125770130       -1.0820208716
        -1.6574321119        0.4544561641        2.3386833161
         0.0098652412       -0.0201653528        0.6559094974
        -1.0516219106        1.2938325458        1.0312112867
        -1.0569792428        0.6187847531        3.0576295438
        -0.7846946779       -1.7802924115        1.2534477142
         1.9891875609        1.4301747734        2.0198236649
        -0.6084544122       -0.1033086199        1.5561779886
         0.7979452616        1.9312275137       -0.7772298266
         1.6431532555        0.9666740425        1.1521638658
         0.9961399386       -2.2807076787        0.7863216111
         0.4026578546       -0.5368223563        1.4456209694
         0.5395238827       -1.3912098646        0.8857363574
         1.5847152149       -0.6909590946        2.6902298558
        -1.4360123800        0.4653729842        1.3921242286
        -0.0800471727       -2.0776782643       -0.5035033419
         1.3772484884       -1.0125536051        1.3758852172
         0.6005294101        0.0316251785       -0.2037595501
         0.3339447800        0.9136444887        0.3922124307
         0.8025269793        0.3794725029        1.1385669789
         1.1091483927       -0.9181930317       -0.3153801608
         1.2346171945       -0.1626099463        1.9139783188
         0.6682403277        1.3869623865        1.2751919702
         1.7721749820       -1.9341898159        1.2968269958
         0.7946926191       -1.0638550494        2.2245524806
        -0.8647087128        0.4442279466        0.5782032625
        -0.7396455662       -0.4366304667        0.0635743211
        -1.1541302083       -1.2594417884        0.4006762397
         0.0990669127       -2.2448084913        1.1666751616
         0.9135268569        1.0040942221       -0.4658594242
         2.3524961818        0.8765064839        2.7312838613
         3.1260641047        0.3906042547        2.4795219293
         2.4222838508        1.5828526284        1.1409768358
        -0.1872231115        0.2076870698        2.9128298899
        -0.7066115338        0.7363006037        2.1398964316
         0.7021236148       -0.2285305087        2.7689010891
        -0.8829282937       -1.0343826951        1.9082227177
         1.1320971733        0.8464141021        2.0285716099
         1.4684810796        1.3977177276       -1.2678549931
         2.4027846321       -0.1519868545        2.7666995671
        -0.4356470194       -0.9051131824        0.9705845663
        -0.1678247700       -0.4335953127       -0.7571969816
        -0.1919934449        0.8097637116        1.2507967838
         2.7188877053       -0.3274877170        0.7438442113
         2.5791657087        0.6367522534        0.9569029688
        -0.6845547249        1.7307487406        1.8190674848
        -0.0935078943       -0.6117923960        2.3267439313
         1.4697431046        1.2842953979        2.8576806469
         0.9958350808        2.7331070412        1.6822151264
        -0.2520976606        1.1793356316        3.0696595060
         1.5561817665       -0.0726957159       -0.5467017322
         0.7632080603       -0.4074136512       -1.0704603555
        -0.2518899483        2.0710556472        2.6489118106
        -0.0003167627       -1.4577554778        1.7526109396
         1.8953577169        0.8304063482       -0.6143910223
         1.1787031816        1.5288493396        0.4066292783
         1.7056108741        1.7921522906       -0.4273469220
         1.4712512283       -1.4630880251        0.4737289008
         2.3086951871        0.2582167088        0.0727338154
        -0.3235766896        0.4285851919       -0.2517110386
         1.9143107891       -0.6162745413        0.2122846434
         2.8501785290        1.0315905161        1.8334924598
         2.1427716796        1.2183402012        0.2699008961
        -1.0717173045        1.5005038903        2.6891749619
         0.5622733291        1.2453481084       -1.4161569296
         0.8869491195       -1.9013724073        1.6836858162
         2.2310243657       -0.6257337042        1.8333535701
        -0.1915264182        1.7607284061        0.9270573677
         3.0429840789        0.0515146938        1.5952309643
         1.5354417826        0.3133419713        2.8026024911
         0.9931753472       -0.4683595210        0.5946026678
         0.3178637688       -1.2702379730       -0.8246199828
         2.5526323781       -1.5789171389        1.8061927445
         3.1091674814       -0.9087179464        1.4232346104
         0.1735236299       -0.8792730129        0.0849497059
         0.6400657874        0.7560796457        2.9204579241
        -1.3248084337       -0.3947125300        0.8627970803
         0.1671332672        2.2438027457        1.7434590583
        -0.9812621390       -0.2075117624        2.5117175336
        -0.5509493057        1.2902274622        0.1671728084
         1.6744971973       -1.5360111129        2.1897090702
         1.3797341461        0.4778848312        0.2926031277
         1.8089825680       -0.0667571576        1.0415330351
         0.6340418139        2.3377217456        0.8598005211
        -1.5399514296        1.2866496815        1.8914155830
         3.1374987567       -0.5873946926        2.3179071680
         2.3004622263       -1.1840451707        0.9486267639
         0.2590655120        0.2891127301        2.0172957742
         0.7137120413       -1.8000521436       -0.0673554377
         1.4327186779        2.8467075561        0.8354506906
         2.4432365439       -1.1423295613        2.6500568166
        -0.0252777122        1.2861759550       -0.6578943927
         2.1108166100        0.3927427636        1.9137035575
         1.5356012903        1.9985382926        1.2855091371
        -0.5862963258       -1.2737580016       -0.4349560446
         0.5501214469        2.5780399442        2.5381232170
         1.9779678677        2.1784407817        0.4344181604
