        -0.2623384189       -0.5696415062        0.2649717546
         1.2139952071        1.3945505537       -2.1770748848
        -0.1380019115        2.7476962983       -0.5663308544
         0.9932748556       -0.9679498757       -0.7542791180
         2.8225937208       -0.2423096802       -1.3557019847
         1.9224753705       -1.1782580021       -0.3559920657
         2.0446934272        0.2830853456       -0.0603119673
         1.9664608771        0.2075675900        0.8976168797
        -2.1493197500       -1.0928107655       -0.6963572708
        -0.0637438182        1.4332886422       -1.6489052880
         2.2036921236       -0.6089557904        0.4271380278
         0.7357936241       -0.5108073274        1.7748936614
         0.0610196805        0.4436128268        0.4701050351
         0.6757136302        2.4357103465       -1.0063128796
         1.1951349249       -1.8605031477       -0.2389828329
         0.0148845232        1.7647685035       -0.6886748930
         0.6033659311        2.1220441785       -1.9164576701
        -1.5912282476       -1.0957709473        0.0704872906
         0.3124341934        1.4286176628       -2.5941919307
         1.8168237523        0.6571438461       -2.4511288708
         1.1627782435       -0.0760343445       -2.2832166183
         0.6107733893        1.0308905012        1.1364530880
         1.0580674107        1.7433156319        0.5943431523
        -0.0785525742        0.5390130747       -2.7565699165
        -0.4315547080       -1.9885541140       -0.8531781005
        -0.7167904006       -1.5448811530        0.0136162273
         0.7973589748       -2.0139218985        0.6218113394
         1.3786116577       -0.9042075033       -1.7015917787
        -1.8728860421       -0.2153619276       -0.4714260820
        -0.1955879773       -0.2658658576       -1.1356930695
        -1.1617069166        0.1241566491       -1.1440373174
         1.1730762256        0.5479822292       -0.5757942271
        -1.0517583960        0.3476164974       -2.5459884930
        -0.9190758052       -0.9894031386        0.8039660193
        -1.5647163734       -0.8185739836       -1.3923809273
        -2.0450419871        0.5579948406       -1.1409960277
         0.5646213921        0.6690136022       -1.9067357680
        -0.5454892206        0.2347794965       -0.3101200092
         0.6121157168       -1.1398144236        0.1845553196
         0.4328830274       -0.1290043667       -0.3294948519
        -1.1128150677        0.7277436508        0.5724548837
         0.1720355347        0.2184392383        1.5156121305
        -0.5441690647        2.2174176319        0.1120419305
         1.8487464365        1.3016317667       -0.8746563882
         0.1669873712       -2.0122434957       -0.0903262175
         2.2600177210       -1.0049585656       -1.2554792687
        -0.3859032183        0.9570423244        1.1800670867
        -0.8648227679       -0.4201895392       -1.9909903165
        -0.4490735535        0.5019282145       -1.7754134974
         2.0658023852       -0.2330596347       -1.9240466378
        -1.3918353017        0.9189423179       -1.7950640481
         1.4611363820        2.0219873318       -1.4328638591
         1.5465314009       -1.6834500897       -1.1359940046
        -0.4569707661       -0.3511282258       -2.9147742115
         0.1833060317        0.6483936105       -0.8792213501
         0.6009594095        1.2124228644       -0.0736563243
        -1.7631553002        0.0214287959       -1.9247687231
         0.3330101819       -1.8173771163       -2.6353876328
         0.8572251768        1.3403511626       -1.1532828099
         0.5662754981       -1.9041345509       -0.9928027200
        -2.3659803152       -0.3266760766       -1.2716663297
         0.1527326921       -0.2542322853       -2.1345020714
        -0.2310495021        2.4394444310       -1.4558530268
        -1.6360927869        1.4447949308       -0.9914278588
        -0.0900858387       -1.5441858078        0.7647435327
        -0.0204363131       -1.1238696711       -0.6056676652
        -0.4385106134        1.1916344423        0.0195158186
         1.5164056374       -0.6031696852        1.1489079070
        -1.3328409649        1.6127289758       -0.0796239231
        -0.9202444823        1.6451028685        0.7869687912
        -1.2537390794       -0.2037932547        0.2979700104
         1.6862285367        1.2025548687        0.0882517267
        -0.6935380094        1.2499435394       -2.4488578698
         1.2437498893        1.9211904051       -0.4126922052
         0.4647223663        2.2941430173        0.0261435630
         0.3602096379       -1.0571391827       -1.5621237641
        -1.3308812636       -1.5793200727       -0.7533328812
        -0.7552571312        1.0844467417       -0.9579122464
         0.1294487768       -1.0501968773       -3.1917024097
         2.5775392573        0.5635601568       -1.8717895366
         1.5324237367       -1.3495719552        0.5389606678
        -0.6451183485       -0.0174568500        1.0361410916
         0.9340181543       -1.7911389506       -1.8995215579
         0.0692576126        1.7188047872        0.7118955240
        -1.4702324883        0.6901455101       -0.3402235334
        -0.1085570967       -0.7693230303        1.3341968525
         0.5124156131       -0.1895027673       -3.0546846012
        -0.9967067335        1.8131054538       -1.6965105257
         1.3459150286       -0.4294726991        0.0463774649
        -0.6544099607       -1.2312681804       -1.4101487259
         0.7918855351       -0.9920716281       -2.5126618557
         2.5682941679       -0.4471847007       -0.4650084636
         0.7765689546       -0.1013998408       -1.2811103160
        -0.3113099175       -1.1761171363       -2.3568074228
         1.1004701603        0.4802596422        0.4336384346
         1.1750009463        0.2835473721        1.4599187971
         1.5446069979        0.5820870541       -1.5284108497
        -0.9478371471       -0.6912171083       -0.5518838345
        -0.9246870975        2.1251820256       -0.7916758375
        -0.0359371560       -1.9449319215       -1.7636989729
         0.6110588903       -0.3326139130        0.8033081281
         1.5856300930        1.0766890752        1.0496893013
         2.0964622337        1.3718027949       -1.8070998455
         0.7652899640       -1.2743171267        1.2114679183
        -0.2988259100        2.1159388844       -2.3435657776
         2.4043080323        0.4943751661       -0.9363954378
         0.9116059379        0.6871056231       -2.8317393513
         1.7265463733       -0.2528991345       -0.9286188580
