        -0.1480618213       -1.0543810474        0.3629280917
         1.0943176019       -0.0773435967        0.6094652730
         0.5259204195        0.6351516166        0.3082716744
         1.3545307844       -0.6899361386       -0.0291882306
         0.4268737174       -0.6173367003       -0.2549748989
        -0.5080961798       -0.3336543949       -0.0846787816
        -0.3949089821        0.5184411256        0.2646594317
         1.0473472628        0.1400388378       -0.3124371947
         0.1118409287        0.2861864057       -0.4702698801
         0.1208670578       -0.1895765488        0.6512910159
         0.7366122895       -0.9657340132        0.6056562949
