         0.8995437731       -0.0995765356        2.8540988413
         1.8883984955       -0.1762430704        2.9191327508
        -0.9723461286        1.4701731427       -1.1286046637
         2.1771555887        0.6870600870        1.4640613142
        -0.0104900908        0.9099088589        0.2136082438
         2.5642973685       -0.4271570859        0.6724085715
         0.8167920024        2.2935271279       -0.4973306318
         2.8195804121        1.5451291234        0.6022639168
         0.6713820140        1.9404284265       -1.3880126067
        -0.7557999598        0.5835203543        0.9794218614
         1.5860104208        2.2292031460       -1.0719062039
         1.6829716418        1.3380476843        2.1200105964
         0.5054750159       -1.5010839157       -0.8695034837
        -1.9131395274        0.5324435692        0.1499871362
        -0.9425724644        0.5915308912       -0.0317776233
        -0.1455018850       -0.1390700379        2.7302107066
         1.6977016103        0.1535255705        0.6666832419
        -0.2568008318       -0.0987805892        0.3989172191
        -0.5316058855        0.5728886430        1.9916893619
        -1.6029650523        1.2043530339       -0.4495160570
        -0.6512172948        0.6460181389        3.0004005133
         1.1876238157       -0.3877471248       -0.0660929224
         1.8449797452       -1.8228595438        0.0363288549
         2.2698455015        0.0963394824       -0.1417400835
        -0.9449514023        1.3499672411        2.4347377211
        -1.0658160020       -0.8530550208       -0.9375749445
         0.1702775995        1.9011806385        0.1431573252
         2.5102920030        1.0686805574       -0.2105736841
        -0.7037546718       -0.7535014686        1.0113470200
         0.1791450141        0.8916538780        1.2243222679
         2.3903426734       -0.7679131582        2.3482165794
         1.7164356932        2.5862853116       -0.1982590200
         0.2707027495       -2.0564415455       -0.1020982370
         1.0290817982        0.9477202360        2.7730846898
        -0.5606279456       -0.6691649751        2.0109555451
         0.9766473981       -1.2492452446        1.5405419387
         0.5220126093       -1.8501920699        0.8889331514
         0.7993279957       -0.5601908118       -1.0068041559
        -1.3644081597       -0.1421847056        0.5711104730
         2.0048262462        0.7819444432        2.8510376930
         1.3926021810        0.6015124123       -0.1966816258
        -0.4906876351       -0.1097930115       -0.6197233420
        -0.2778811254        1.5934113291        1.7721120644
         0.4531958443        1.0053753261       -1.5499540555
         0.4656801081        0.4260111216        2.1314465449
        -0.7877923459       -0.1774936977       -1.5580661684
        -1.7433830959        0.6028692277        1.1141026524
         0.4352217473       -0.6507981497        2.1354360721
         0.1892445159       -0.7738108739       -0.2285371251
        -1.4283694738        1.2944900014        0.5171713305
         1.7574627814       -0.3095576775       -0.8586240562
         1.5227499588       -1.8514141620        0.9577922863
         0.4654850003       -0.7582012447        0.7615587513
         2.0767635179       -0.8833954903       -0.0672211498
         2.3656261434       -1.3823307721        0.7640328717
         0.9630562590       -1.3877218876        0.1118235662
        -0.4194646307       -1.4853869047       -0.5344042892
        -0.7547658699        1.5901997197       -0.1612161250
        -0.0071702524       -1.2543281104        1.4626626261
         0.4111654543        1.8633512406        1.1017049043
         1.1694783755        0.7879030383        1.3069859436
         2.2867874545        1.5828739060       -1.0084997428
         1.1039615816        0.3699059907       -1.1501647768
         1.5389900879       -0.8504128620        0.7922750598
         0.9927893794       -0.2222021411        1.4288224464
         0.4578216790        0.2392857935       -0.4077606587
         1.4731834445       -1.2381087662       -0.7367639796
        -1.1009475297       -0.0558393086        2.5368610144
         2.7472017887        0.5528840454        0.6174569629
         0.3024944962        0.5397408645        3.2266555358
         2.3593100634        1.6795393257        1.4433599838
         1.1583743498       -2.1342814122       -0.5718745096
        -0.2248914715       -1.4249006760        0.4472323757
         1.3838002124        1.7678026854        1.2637210928
         1.0718383154       -2.3985383469        0.3153496405
        -0.2277428609        1.6445332695       -1.6946555218
        -0.1475940121       -0.8512792950       -1.2331304917
        -1.4980241230       -0.1649461476       -0.4076649494
         2.5525036512        0.1855238077        2.3095287063
         2.0388134895        0.6353533535       -0.9479087453
         2.9707691478        0.0557900440        1.4353654386
        -0.2411425594        0.9100547912       -0.7955136985
        -1.2149646662        0.5252752654       -1.0361051143
         1.9714900325       -1.3299699332        1.6650630756
         0.1392956258        0.0917065378       -1.3954061659
         0.0286893051        1.2239525096        2.6245672954
         3.0895328481        1.0330560176        1.3894995528
        -1.2248631560       -0.1034038929        1.5678861695
        -1.1921720302        1.3368387983        1.4902360508
         2.8195259433       -0.9013823656        1.4902066943
         2.0398479964        2.1580820523        0.6223382828
         1.5932621526        1.6114390504       -0.2759154976
         0.8982102186        1.2556285772        0.4482328958
        -0.0291179732       -0.1143173539        1.3870508731
         1.4917470718        0.3079701213        2.1594215287
         1.4184016859       -0.7369059381        2.2835294111
         1.0756895139        2.2390999483        0.4470193134
         2.0226729849       -0.3312824616        1.5360217684
         1.9026801504        1.1587563541        0.5991275205
        -0.8885773452       -0.8219575082        0.0186290103
        -0.5047064603        1.5694882013        0.8067156891
        -0.5421227505        0.7441838698       -1.7121155627
         2.6304327357        1.1513091054        2.2247783308
         0.6846075487        0.2398721737        0.5784291511
         1.3984741060        1.3034097008       -1.2869571667
         0.7094899138        1.4215997071        1.9435530036
        -0.1010113996        1.9372087471       -0.8040271462
        -1.5263236778        0.6674281519        2.0863168465
         0.6683366152        1.2811584461       -0.5784263283
         2.5062780018        2.0426644208       -0.2045730067
