         2.1821795465        1.5729003310        1.9207098819
        -0.4160674422        3.1166168538        0.5677088663
        -1.2451267936       -1.2335198877        2.1184734997
        -0.1656357865        2.6201406966       -0.2228574528
         0.0568342992        1.2262520710        2.4984897828
        -1.0924881762        2.4269009551        0.6659701734
        -0.8821016628       -0.3461445388        1.7128244047
         2.1409907847       -0.0859181217        2.4526525174
        -0.6708794675        1.5498169564       -1.4527259619
        -1.8365323602       -0.2987808723        0.5110597935
        -0.4761588678        0.9438596218       -0.6874335839
         1.9983744102        1.2294776751        2.8145840223
         1.8440649867       -0.1314058250        1.4217768540
        -1.5358448809        1.5528152287        0.6405994023
         1.4945712596        0.4039746170        2.9941155240
         1.5620378754        2.0463523069        2.4901279104
        -0.9513294859       -0.4631220917        2.6907438930
         0.5616461407        2.3725453567        1.4111309826
         1.1096397257        1.5595633550        1.7451904217
         0.1435027274        2.9109387606        2.1592764571
         0.5132919043        0.3928771006        2.8421062381
        -1.3862912793        0.9352503594        1.4183978391
        -0.6532993236       -1.2568407032        1.3586806951
         2.5636852234        0.0549631106        0.7005491679
        -0.3161839873       -1.0875176738        2.2941652443
        -1.0668153055        2.8954450108       -0.1533746437
         2.6050472233        0.7499920405        2.2589665103
        -0.9233507181        1.8101095378        1.4274799584
        -1.3918108628        1.4270348302       -0.8071325003
         1.1202249391       -0.1409590077        2.2025249739
         2.3542892166        0.7898981784        1.3195874220
         1.2947064860       -1.0128970752        1.7063234560
        -0.1560159743       -0.3278078680        0.9689348649
         0.3586904691       -0.5901502987       -0.9236748604
        -0.4667488400        2.6862561168        1.4362466557
         2.4350238356       -0.7482112052        0.1784792897
         0.5225921540        2.8989298412        0.4946970458
        -0.4988735023       -0.0641581760       -0.9268611402
         1.3021523821        0.6872482615        1.0834588504
         1.0916779296        2.8511969828        2.1310804595
         1.0359308549        1.2336610732        2.7226190656
         1.8099269294        1.5597561572        0.9888833948
         0.8227733503       -0.2028330407        1.2167177721
         1.6808114645        0.8137479320       -0.5965674697
         0.3824912363        0.3826240137       -0.6258729039
         0.9264769776       -1.0725736251        0.7464400219
         1.9986109483        0.7898380379        0.3632582382
         0.2443166221        3.3289004910        1.3072699951
         0.5770036911        2.0821628587        2.4370942879
        -0.1068837143        2.1099147581        0.6794013920
        -0.8730320450        1.2275746707        2.2237448376
         1.0995648358       -0.3434062575       -1.5069158586
         0.2883507352        0.6007881215        0.8838398004
        -0.6321370940        0.6108578007       -1.6061010772
         1.2517361564       -0.1704555902       -0.5193429310
        -1.6325699142        2.1271164826       -0.1656980097
         1.9005331657        0.0931793705       -1.2134462024
         2.0606353023       -0.7291154957       -0.7636410343
        -0.0374390686       -1.2291676450        0.5972396003
         1.5451391896       -1.0787978749       -0.0238932072
         1.1684972014        3.1247690328        1.2159089722
        -0.4583397214        0.3745515120        2.6167680065
        -0.3026227675        0.2765009155        0.1292033160
         2.7899053074       -0.7664045389        1.1091131276
        -1.6073287989       -0.8719059641        1.2975855637
        -0.9043013614        2.2771239142       -0.8590542816
         0.1103015701       -0.2063265492        2.0037118467
         0.6483548500        2.0866469052       -0.0618640241
        -0.4322212547        0.5869122080        1.6238242139
         0.5521110103       -0.2714445184        0.2332210829
         1.0070505801        0.6549269828        0.1289548356
         0.6529311966       -1.0057515050        2.4732268045
        -1.1704735470       -0.1895509651       -0.2005166114
         0.1995094305        1.0889673538       -1.4314307087
         1.1945467172       -1.0934081690       -0.9308291612
         1.5837874678       -0.1800466753        0.4507009490
        -0.9658147245       -0.7917304060        0.5680377704
         1.6870960307        2.3675442495        1.5613032277
         1.0678128717        0.5962700469       -1.3363607927
         1.4684610219        1.5555343155        0.0480149034
         1.9018732078       -1.0370764393        0.9369089807
         0.5835645520        0.6857964681        1.8479510365
        -0.2862760574       -0.6768709680       -0.1598512043
         0.7728569121        1.5200806219        0.7865420791
        -1.3494328012        0.3715743485        2.2359085077
         0.2256330075        0.1349361256       -1.5801294956
        -1.7882236621       -0.4855490077        2.2060614226
        -1.3330809156        0.4616828089       -0.9323585038
         0.8287821629        1.3100488506       -0.6816412850
         2.2516457077        0.0805221878       -0.2834445399
         0.5757355302       -1.1781442887       -0.1756690510
         0.0120829451       -0.4422491983        2.9572588973
        -2.0647284356        1.2596711047       -0.1270759632
        -1.0401560522        0.1890518189        0.8310010560
        -1.1948602310        0.8155833939        0.0264703924
         0.0421252541        1.4872069576        1.5220393255
         0.3094471819       -1.0714443005        1.5204219287
        -2.0040478664        0.3105912506       -0.2498242833
        -1.9878280497        0.6607847987        0.6483613975
        -0.0056335559        1.8452445173       -0.8069120718
         2.2623957952       -0.8825609351        1.8957517219
         1.3198848780        2.3489161045        0.6474284940
        -1.8613616434        0.0608217037        1.4242373668
         0.1486648430        1.2215150075        0.0651195340
         1.6334433495        0.7274264540        2.0439094664
        -0.7271939009        1.7699962026       -0.0366777795
         2.7777300687       -0.0264547112        1.7083138687
        -0.5721103921        1.1406339073        0.7818818623
         1.6173602653       -0.8865992937        2.6200631154
        -0.3713801037        2.0784809058        2.2070664590
         0.9813829357       -0.4029525462        3.1502711057
