        -1.4909401923        0.6926842011       -1.5292339161
         2.1227921719        1.8848917388        1.9125089225
        -0.6060107989        3.0767563727        0.4585536059
        -1.0513568729       -1.1678082383        2.4470621967
        -0.3218154236        2.5191415732       -0.2803988334
         0.0449714763        1.4241779202        2.5475435870
        -1.2217328230        2.3445957479        0.6321931346
        -0.7717747942       -0.3048057418        1.9297403135
         2.2237793914        0.2901807363        2.6028875614
        -0.7519879933        1.2936465313       -1.4227955872
        -1.7399058531       -0.4611892011        0.7703752311
        -0.5244159018        0.7736499757       -0.6024108671
         1.9778137941        1.6182066491        2.8388327105
         1.9214046823        0.1205241014        1.5896863531
        -1.5827456340        1.4214554225        0.6906251692
         1.5461068899        0.7767420877        3.1061954678
         1.4695369152        2.3592000095        2.4408273163
        -0.8149077305       -0.3150497204        2.9198912705
         0.4322256506        2.4914914850        1.3537402616
         1.0465123572        1.7644796220        1.7532694782
        -0.0212790515        3.0678657476        2.0518720627
         0.5697559985        0.6704181827        2.9702028003
        -1.3835613129        0.9035661528        1.5298809101
        -0.4663745540       -1.2263622111        1.6866645939
         2.6202988028        0.2893083842        0.8434841619
        -0.1354897936       -0.9280730486        2.5881676703
        -1.2441010295        2.7466962987       -0.2295299226
         2.6152698957        1.1369303756        2.3224151658
        -0.9857459980        1.8062427730        1.4343408588
        -1.4751429900        1.2320959443       -0.7326010622
         1.2077678223        0.1262499706        2.3771550693
         2.3541455604        1.0634111933        1.3893576568
         1.4546047988       -0.7704144473        1.9652958924
        -0.0558758099       -0.2896632673        1.1754079552
         0.4786095826       -0.6849025314       -0.6630974820
        -0.6137612947        2.7228339828        1.3606329580
         2.5615879562       -0.5674479719        0.4019461395
         0.3434776936        2.9196857112        0.3935789835
        -0.4048346916       -0.2384320111       -0.7007534786
         1.3098809232        0.8534509470        1.1796871613
         0.9275188996        3.0862759832        2.0129029430
         1.0176828648        1.5361394117        2.7623186814
         1.7422630385        1.7488385718        0.9946723143
         0.9045331442       -0.0524608939        1.4059241308
         1.6750438959        0.8482194223       -0.5098135265
         0.4077764835        0.3265410817       -0.4810558429
         1.0844150579       -0.9494088803        1.0232652073
         1.9943963242        0.9413152320        0.4440049903
         0.0393336354        3.4086631522        1.1636746302
         0.4864597946        2.3120955564        2.4032608100
        -0.2153373634        2.0997227590        0.6601029454
        -0.8835070448        1.3155580074        2.2864981609
         1.1957879051       -0.4440620905       -1.2885621742
         0.3041190887        0.6606382683        0.9932699043
        -0.6131791809        0.3285468157       -1.4964533691
         1.3282338091       -0.1528674029       -0.3303195016
        -1.7430506797        1.9526058975       -0.1191696189
         1.9538920041        0.0919417457       -1.0557081062
         2.1765419943       -0.6693674412       -0.5316901874
         0.1362526473       -1.2166918010        0.9145599819
         1.6989740855       -0.9838414180        0.2495628300
         0.9749792031        3.2700918373        1.0759766126
        -0.3955211559        0.5514130616        2.7584805486
        -0.2727122172        0.2274392119        0.2772706898
         2.9247869774       -0.4662017999        1.3228368638
        -1.4604059980       -0.9298350592        1.6046052114
        -1.0061866408        2.0898310395       -0.8646044684
         0.2024948757       -0.0459833489        2.1982606297
         0.5348699682        2.0693023236       -0.0864770447
        -0.4052472152        0.6505500376        1.7426730347
         0.6398506721       -0.2371613147        0.4337390782
         1.0162504009        0.7091488094        0.2352513716
         0.8231301082       -0.7447920063        2.7396389006
        -1.0847058346       -0.3544462679        0.0567891827
         0.1650864422        0.9024617876       -1.3304336683
         1.3462637334       -1.1236032130       -0.6416242215
         1.6592506601       -0.0432944288        0.6315682654
        -0.8286329159       -0.8671603162        0.8648882391
         1.5567072502        2.5954424054        1.4864984115
         1.0803872548        0.5048711760       -1.2152108653
         1.4037115689        1.6296028617        0.0606634342
         2.0583484753       -0.8179373258        1.1932940915
         0.6003956999        0.8597982845        1.9447195811
        -0.1630612521       -0.7555243437        0.1181890189
         0.7075252549        1.5998583387        0.8025248558
        -1.2848273017        0.4255539918        2.3941755534
         0.2901074953       -0.0562042888       -1.3975018622
        -1.6556856755       -0.4627518014        2.4648545556
        -1.3224168986        0.1135828394       -0.7941651779
         0.7889184207        1.2678159799       -0.6376704722
         2.3041440597        0.1952180972       -0.1321751367
         0.7386093076       -1.1826762845        0.1308229030
         0.1431236706       -0.1883105364        3.1734053401
        -2.1407144488        1.0238385881       -0.0175342015
        -0.9866461069        0.1361824959        1.0003947254
        -1.2223113243        0.6551671583        0.1282234730
        -0.0062895669        1.5711720345        1.5444655423
         0.4749159236       -0.9307484748        1.8033580385
        -1.9976284691        0.0490878576       -0.0525865265
        -1.9577039474        0.4993325310        0.8044975331
        -0.1102084892        1.6897053799       -0.7869647295
         2.4107223164       -0.5445667132        2.1233253810
         1.1850950443        2.4556991327        0.5848567131
        -1.7813308538       -0.0066909710        1.6339085150
         0.1020445727        1.1802845023        0.1087766649
         1.6444379026        1.0162452325        2.1265543831
        -0.8152664436        1.6422270773       -0.0095223160
         2.8487993562        0.3255608365        1.8466010748
        -0.6035836120        1.0978310904        0.8438615232
         1.7734623207       -0.5308252332        2.8562992574
        -0.4568521255        2.1991817321        2.1781368946
         1.1049326962       -0.0508108681        3.3483630707
        -2.1580824388        0.5565795404       -0.8463357741
