         2.0315402145        0.1115717797        3.4650668309
        -2.5435532809        0.4888397007       -0.4598079744
         1.1121631207       -0.0234092224        3.4445743435
        -0.5515053567        2.2053244275        2.3352088289
         1.7625879884       -0.5441547478        2.8674054609
        -0.8224047804        1.0713561214        1.0535292527
         2.7124337375        0.3378194218        1.7077345436
        -1.1256979157        1.5946736247        0.2129908561
         1.5456394194        1.0232394529        2.1120761420
        -0.1984879893        1.1399549264        0.2470990086
        -1.9166012912       -0.0104124324        1.9818497766
         0.9170490255        2.4344934559        0.5720502738
         2.3129400132       -0.5288500494        2.0436859669
        -0.5075551581        1.6276229708       -0.6339230228
        -2.1759146159        0.4741447653        1.1632241750
        -2.2997877864        0.0019357234        0.3251290016
         0.3507226898       -0.9282030128        1.9484069016
        -0.1567306028        1.5637870918        1.6773642242
        -1.5114419442        0.6121711190        0.4152142340
        -1.1851090076        0.1151484477        1.2735416336
        -2.4425875372        0.9763291316        0.3520346472
         0.1359351858       -0.1522407519        3.3330404230
         0.4509753627       -1.2099718070        0.2636789129
         1.9674293315        0.1522905734       -0.1893389734
         0.4047043733        1.2106681217       -0.5684605723
        -1.7040489925        0.0501664026       -0.4821910705
        -1.7105524481       -0.4478533508        2.8059419169
        -0.1605503088       -0.1316044242       -1.2407752801
        -1.3512730953        0.4392269582        2.6798390316
         0.4723635253        1.5817243204        0.8625206060
        -0.4494427640       -0.7897089876        0.3278086376
         0.4994398904        0.8629860860        2.0364632951
         1.8711863803       -0.8176103193        1.1759862959
         1.0863793147        1.5945102678        0.0493448305
         0.6407876672        0.4337873422       -1.1523872871
         1.3745297158        2.5971825849        1.4290646826
        -1.0351104674       -0.8862806883        1.1388516151
         1.4041818162       -0.0623194365        0.6441501821
         0.9746794122       -1.1781504347       -0.5678435191
        -0.2832292962        0.8278363176       -1.1839392113
        -1.3765465670       -0.3956526625        0.3503113820
         0.7787234826       -0.7089140816        2.8332541431
         0.7261231745        0.6773249574        0.2921805417
         0.3762549550       -0.2571966311        0.5603158594
        -0.5301443332        0.6510045306        1.9392918259
         0.2034433684        2.0263802886       -0.0147988622
         0.1291284704       -0.0301562275        2.3534252864
        -1.4094817955        2.0245728657       -0.6264320286
        -1.5898393600       -0.9305958146        1.9401207793
         2.7503862536       -0.4691746596        1.2037324884
        -0.5489094006        0.1938927565        0.4798591672
        -0.4304308756        0.5744898667        2.9514229781
         0.7530831281        3.2594757071        1.0648360275
         1.4173428380       -1.0112428656        0.2797433882
        -0.0707432302       -1.2278456096        1.1035828401
         1.8096180206       -0.7214158715       -0.5557726034
         1.5282141257        0.0262067380       -1.0709805271
        -2.0608189223        1.9042682406        0.1865465019
         0.9807291948       -0.2026502774       -0.2784974229
        -1.0718872540        0.2491552230       -1.2575408944
         0.0991412782        0.6460618009        1.1230275018
         0.7545274816       -0.5164281946       -1.2137946892
        -0.9619617445        1.3251658692        2.5093834601
        -0.4636632648        2.0703329742        0.8078863797
         0.4081865719        2.3256925361        2.4545473083
        -0.1678109223        3.3952191563        1.2495761504
         1.7169272717        0.9172774745        0.3898127046
         0.8823243057       -0.9488458619        1.1110590888
         0.0495995426        0.2710654661       -0.3483858669
         1.3021385212        0.7963464484       -0.5212020066
         0.7402199290       -0.0474839254        1.5071902951
         1.5197668368        1.7419665784        0.9351417358
         0.9747381177        1.5627596561        2.7734047590
         0.8003512683        3.0989232459        2.0065508452
         1.1180424267        0.8504283250        1.1993109842
        -0.7794396762       -0.2983606515       -0.4749811152
         0.0555585081        2.8875927793        0.4634058973
         2.2904003147       -0.5957535775        0.3294309308
        -0.7933010405        2.7122597963        1.5260190321
         0.1052040323       -0.7436212551       -0.5172037990
        -0.2389194688       -0.2970505379        1.3686280271
         1.3393946020       -0.7490451940        2.0027903737
         2.1656433801        1.0625253164        1.2921088035
         1.1576864366        0.1414018559        2.4503222475
        -1.8533669333        1.1657508491       -0.4302582363
        -1.1458115142        1.7948502061        1.6570095673
         2.5240486863        1.1653231667        2.1850855496
        -1.5845356243        2.7004768268        0.0097921723
        -0.1837413515       -0.9048241618        2.7902806437
         2.3780305300        0.2701697432        0.7454693712
        -0.5974401622       -1.2232064398        1.9323754626
        -1.5300137332        0.8950611221        1.8164554833
         0.5522242341        0.6929968189        3.0483080831
        -0.1376090724        3.0739672582        2.1463098695
         0.9127706584        1.7638510127        1.7668991640
         0.2498854348        2.4827431598        1.4176487640
        -0.8347586489       -0.2884730649        3.1790927762
         1.3873542828        2.3869746571        2.3946929464
         1.5485896227        0.8355775581        3.1295491943
        -1.8166053152        1.3922985721        0.9891296448
         1.7606784021        0.1272170089        1.5708680153
         1.9415459339        1.6670838642        2.7480244089
        -0.8917618145        0.7137000807       -0.3862374103
        -1.9562183741       -0.4856024814        1.1279982181
        -1.2064454793        1.2144301887       -1.1914500614
         2.1952504203        0.3130625229        2.5490966893
        -0.8750541082       -0.2964850408        2.1900341860
        -1.4687973075        2.3149298093        0.8715799547
        -0.0115737560        1.4385933936        2.6720284373
        -0.6721616133        2.4683637064       -0.1261358369
        -1.1066412552       -1.1511666926        2.7462262621
        -0.8819818714        3.0473387133        0.6213156573
         1.9848348838        1.8967702685        1.8099596441
        -1.9503140159        0.6100379994       -1.2101114806
