        -2.4774062923        2.4002122691       -1.0994071562
         1.9749328008        1.9847595263        1.5204988757
        -0.0626835756        1.7776365178       -1.0979658868
         2.8598104995        0.5415609038        1.3924108283
        -0.6621215592        2.2473452073        0.6858652014
        -0.9172685464       -0.7537830351        1.1986478651
         0.3402255178        1.7606667468        2.0091779216
         0.1788455140        2.3777305416        1.2060068819
        -0.8363691313        2.4278064165       -1.0330632810
        -0.8760317581       -0.3598791676        2.7457082700
         1.0484451858       -0.9401626164        2.8512381281
        -0.8714119637        1.6422572823       -1.6406866703
        -1.9040900729        0.4051266827        0.4034812209
        -2.3399709994        1.8954832422       -0.3237598451
         2.1060104145        1.4303742818        0.1244071346
         1.7871521474       -0.3968645816        2.5855915260
        -0.5903002478        1.8238565416       -0.2418647485
        -0.1480650808        0.2732472227        2.7011550152
         2.6590449234       -0.2937558759        0.9453472615
         0.2180484871       -0.1611900257        1.8586950276
         0.8456160084        2.7932389023       -0.0639862588
         1.7382566437        2.8704301329        1.2478007510
         1.0417480568        2.3400851442        1.6462888542
        -0.0858131126        0.7766877175        1.4858307785
        -0.4798843970        0.4411676712        0.0074093572
        -0.4906140157        1.6972114932        1.5144491895
         2.4324034844       -1.1314366432        0.4846346657
        -1.6816435673       -0.1320627664        1.2169204821
        -0.8604131291        2.7792558816       -0.1188083205
         2.5826349999        1.4072506599        1.0082531167
         0.5792449594        1.4521877496        1.1068137971
        -1.4629847497        1.6412821063       -0.7812086269
         1.9755425978       -1.1378250547       -0.3847726747
         2.4193265563        0.5717118377        0.5238294302
         0.0617069879       -0.9869329758        1.2244176986
        -0.2525423029       -0.0597411341        0.9011002139
        -0.6386814907       -0.4329400598       -0.4727346256
         0.2982626824        1.9867605675        0.2677239931
         1.0350440405       -1.4235847577       -0.4761426432
         0.8528925447        3.0078954532        0.8869307203
        -0.9929545812        0.7287994559       -1.9566864972
         1.6175020505        1.1953367569        0.9784455523
         1.6884539375        3.0071371532        0.3314815655
         1.9037458171        0.2758075357        1.3602944454
         1.9367348637        0.5719903247       -0.3635046481
         1.0376838077       -1.2755347867        1.2491787545
         1.4004990434        0.3524756961        0.4447191318
        -0.1032605653        0.9739494296       -1.6819981656
        -0.3881092610       -0.9031847998        0.3541943155
         1.2492746970       -0.5257856623       -0.0647608810
         1.2515516856        2.1273060027        0.6891106792
        -1.9493039075        0.8185210986        1.2758420780
        -0.0125058962        2.9190336714        0.3940694152
         0.8277119431       -0.0367446804        2.6897597709
        -0.2259701618        0.0538154329       -1.9548032349
         1.0933201409        1.2872642947        0.0922894181
        -1.6991108707        2.6233975650       -0.6283016187
         2.2515546082       -0.2877896495        0.0475005028
        -1.2479746400        1.1077809485        0.0869222580
        -0.1878818683       -0.6756533841       -1.3249941150
         0.5391175367       -0.6078623128       -1.9487196132
         0.2690742930       -0.2371083577       -0.0460730424
         0.4245248109        0.6248387998        0.5081217468
        -1.3358387855        1.5636457075        0.9997079241
        -0.4700835600       -0.8963339304        2.0599123973
        -1.1419905579       -0.2491028805        0.3809413687
         1.4855624393       -1.1103846071       -1.2584788067
         0.1003313384       -1.1180080901       -0.4973679593
        -2.1306346546        0.9424204148       -0.4054454383
        -1.4261545867       -0.6278370947        2.0203949884
        -0.0000894134        2.5993563947       -0.5311026880
         1.2612352561        1.4037059795        1.8965247435
         0.9334254188        0.4431280682       -0.4552317825
         1.5915267335        1.3915814941       -0.7502885375
         0.5324181845       -1.1268299062        2.0823098496
        -1.7377293032        0.2762167261        2.0810678881
         1.5159791575        0.5451789305       -1.2615335975
         0.5584657118       -1.3302449874       -1.3301242317
         1.5517547095       -1.2534814720        2.1051510822
        -0.7723580659        0.0919084590        1.8408067602
         2.2311511121        2.2611935391        0.6228812542
        -0.9252789352        0.0347930224       -1.2933547599
         1.4203498243       -0.3007685839       -1.7505771863
         0.7159985827       -0.3050630990        0.8789200628
         1.1977224465       -0.3874473177        1.7973396170
        -0.7201129524        0.9433310536       -0.8876279851
         1.6928370062       -0.5912523945        0.8608309024
        -2.1378439995        1.3571214150        0.4754948263
         0.6759902174        0.3233993779       -1.7251187171
        -1.1959328759        1.0617925852        1.8539064722
        -1.6678986510        0.7328279743       -1.2549572204
         0.0135464199        0.2655794134       -0.9434823001
         1.8297261845       -0.2894538412       -0.8656937639
         0.7779253904       -0.4343115710       -0.9786520451
         0.9066060977        0.5403511355        1.4078032268
        -1.5191119430        2.1007560760        0.1824792294
        -0.3713054587        1.1731843260        2.3572954326
        -1.7239177639        1.3691515899       -1.9581460647
         0.5526909556        0.8332313658        2.2872812968
         0.5736640591       -1.1684002868        0.3702169771
        -1.3897401713        0.2547949761       -0.4397420635
        -1.0715079097        0.5714176924        2.6880655620
         0.7324805939        1.1406605844       -1.1658738542
         0.0945977164       -0.6596733665        2.8051954145
         1.6619322026        2.2188269510       -0.2222670889
        -1.0252773583        0.5941543425        0.9572971438
         0.7900310008        1.9650666877       -0.6160775990
         2.2293559292        1.0965857995        1.8677703827
         0.1686908363        1.1321072090       -0.3415202592
         2.2363259291       -0.6455542251        1.7497807189
        -0.3432907696        1.2755197795        0.6171421028
         1.9922084582       -1.4534768241        1.2642447555
         1.5284119233        0.5123779059        2.2753814997
         1.5255565087       -1.4785496517        0.3978890839
        -1.6813839692        2.2331773092       -1.5510023995
         2.4467753530        0.1946485973        2.1853428170
        -2.3348799553        1.4881989394       -1.2341470501
