         3.1178274970       -1.3708139755        1.9499663266
         2.8396357166       -1.2663937983        1.0470448679
         3.8313604863        0.0652653794        1.4485894752
        -0.8691194199       -0.7436720935        1.2025392317
        -0.2316951811       -0.4529262369        0.3740598146
         0.0724293876       -0.1775783009       -0.6278075030
         2.5178283773       -0.9655265215        2.5634172345
         2.4649655015       -0.8249658505        0.2560475841
         1.2619514527       -1.7139937585        1.5819524779
         2.4507557690        0.6000578016        0.5783004760
         2.8607876776        1.5497401916        0.5089429393
         2.5006021046        0.0323609486        2.5103893741
         3.3477442813        0.8651974590        0.0230552770
         2.9163775066        1.6299005053       -0.4346495446
        -0.3744097011        1.0959447955        1.1966492743
        -0.6163024884        2.1598823628        2.8643119442
        -0.0432753636        3.0739742534        0.1851637013
         2.1249930920        2.0467077249        0.9533856637
         0.3398095645        0.7652756198        1.8904033581
         0.2153836512        0.8124946623        3.4705824347
        -0.3775751362        0.7191609500       -0.5813123033
         1.1183807181        0.2809545252        1.3599946132
         1.5516130052       -0.1261678717        2.2244381531
         0.3097471218       -1.7840576097        1.3837653412
         0.4551584635        2.5819604957        1.7542226030
         1.8699974698       -0.4578734549        3.0918660115
         2.9535226673       -0.1819000023        1.0294164535
        -0.7190432442        0.7564243485        2.0523892857
         1.5892211053       -1.1361806885        2.3461973184
        -0.4024051311       -0.9927095782       -0.4126558344
         0.9171812063        3.0436914249       -0.1262491729
        -0.5813201949        2.2628896206        0.3321633699
         2.5063017748        0.7712627309       -0.4414540111
         3.3609716462        0.7953286100        0.9853095098
         2.3812356523        1.0176886121        2.3500902511
         1.3945063626        2.5166459234        1.4382663000
         0.6375613481        1.4017661181        2.6700101594
         1.1570990825        1.8967832558        0.6940192923
        -0.9459208166       -1.1661812124        0.3395370264
        -0.0242463357       -0.7043703974        2.7044288802
         1.1983425650        2.2731070514        2.3916502197
         0.9027218919        1.6476157583        1.6714712156
        -0.1799175092        0.2705385612        2.7260362008
         1.6178379617        2.7383980369        0.4799013895
        -0.0294705066       -1.4673934089        0.4048336605
        -0.4697083252       -0.2432285872        1.9364439169
         2.2866925844       -0.6498801417        1.6700229863
        -1.2823638724        0.7815511271       -0.2542668435
         1.8992861282        1.7866746217        1.8985419770
         0.4139596451        2.2021886150        0.0324212929
        -1.0697831330        0.2275240816        1.2981689228
         0.6340221452        2.4047049376       -0.9181184320
        -0.5963404695       -1.6532330074        1.1369022130
         2.1874666121        0.3719501015        1.5678700506
         1.0837177159        1.5363157374       -1.0103093582
         0.8961372140       -1.3652577845        0.7123770648
         3.7826914394        0.0734542323        0.5019299445
        -0.4360673336        1.2251008618        2.8595543742
         1.4249641736        0.8970436271        2.1058898165
         3.2302214622       -0.4307074853        2.0496167934
         0.6046420513       -1.2407637619        2.1439305146
         0.3000603660       -0.1513821818        3.4534380463
         2.3241387279        2.2325471234       -0.0014150637
         2.6140159173        1.2782009804        1.4280680744
         0.0732180961        0.1793046658        1.1566716991
         0.1299035684        1.5690296152       -0.7702138503
         3.6785922760       -0.8614091731        1.3094085670
        -1.1169528796        1.4350001124        0.4790624603
         3.1102580092        0.5355294625        1.8979418731
         1.4938710077       -0.8589219338        0.0901472434
         0.8788460196        1.2780346415       -0.0841173322
         0.1616180999        1.9544512920        1.0148784087
        -1.6264789491        0.6243174721        0.6169283096
         1.0025005556        2.0254695801        3.3187857505
        -0.3212482295        2.4417002605       -0.5991160209
         1.4002577336        2.1859925431       -0.3194886822
         2.9802752101       -0.0292609606       -0.0191677278
         0.3463738142        0.4179632436        0.1280126635
        -0.0842069315        1.6864643331        2.0073896236
         1.6786740611        1.5305166910        2.8443682773
         2.2161393311       -1.6167589400        1.7868941306
        -0.8600376803       -0.1263324212       -0.3680475340
         0.5778303611        0.6801795748       -0.8308709713
         1.5387180023        0.7463847015       -0.6351605902
         0.6177963544        1.0133641436        0.9189558084
         2.0023159686       -0.0444478605       -0.1733278436
         1.2125393395        0.0539856175        3.5887344897
        -1.3477248348        1.1652603998        1.3932915336
        -0.8318453826        2.0175499564        1.2714931682
         0.1008149555        1.7762891825        3.4372559554
         0.5377127456       -0.9219976773       -0.1639008831
        -1.0494775115        1.6901166177        2.1602507480
        -0.6413527561        0.4839991268        0.4202235468
         0.6901786705        2.8380129397        0.8156922538
         1.0383657725       -0.0988711566       -0.3995446876
         2.0366323897        1.5987392854       -0.7822917707
        -0.2683147699        2.8235162514        1.1017738954
         0.1661712581       -0.8347430323        1.2395192792
        -1.3048138773       -0.2743666650        0.4586745118
        -0.3526391619       -1.2391450335        1.9588086428
         1.9091260991        1.3596744255        0.1608174948
         0.8220469392        0.3970318243        2.7668260013
         0.2083591215        3.2045268187       -0.7059389131
         0.8195562053       -0.3385470246        0.6050509562
         3.4243174516       -0.8009020005        0.3995491599
         1.8189540650        0.5428053611        3.0210880667
         1.1270079688        1.0625005348        3.4942078313
        -0.1187978269        1.3434907660        0.2124139528
         1.2267323202       -0.7449112672        1.4658050998
         0.2882620286        2.3862956363        2.7051115940
        -0.8050088398        1.6105466575       -0.4328412204
         1.8655179874       -1.2957851337        0.9135526825
         0.5180856470       -0.2294925220        2.0166556494
         1.8798268438       -0.2485712987        0.8153757565
        -0.4981815618        2.5640061216        2.0119109060
         1.3688456569        0.5053337321        0.3743715231
         1.6636971687        1.1281671154        1.1347333659
         0.9328094710       -0.6381232144        2.9112851076
