        -0.3719115521        0.8948396156       -0.5807815177
         0.5273486914        0.6911288380        0.6239915668
         0.5011623130        0.9884138062       -0.3081294952
        -0.1098063723       -0.2804185382        0.9150979001
         0.3912500766        0.2597145449        1.4651450947
         0.2864565275       -0.4718609775        0.0597866664
        -0.3362357192        0.6424243969        1.0408012517
        -0.3442078385        0.2668017689        0.1382326343
        -0.2253402106        1.2094425863        0.2767217906
         0.9483273008        0.1674299266       -0.0817211415
         0.8304079118       -0.2188671522        0.7895939899
         0.2015542857        0.1578972912       -0.6602943055
