        -1.5506539919       -1.6657278222       -0.4496191610
         1.2158273959       -0.5959939868       -0.1122638227
        -1.0002892185       -1.9769595869       -1.7532053998
        -1.5467298106        0.5298059944       -2.1267130761
        -0.6472747398        1.7437338100        1.4996626246
        -2.1508837908        0.9948904605       -0.6732347526
         0.0886647000        0.3131421108       -2.4021592106
         1.3584997326        1.3814393704       -1.3241308609
        -1.1760892889        2.1573168581       -0.0436526085
        -2.3796582669       -0.6335908872       -1.1404096223
         0.3101755981        2.0245817824        0.1933258035
        -1.1067579689       -0.1160191726        0.9753987503
        -1.3788130999       -1.8201812000        0.6007505298
        -1.6361478603       -3.0869301706       -0.7906979652
         1.7562937506        0.0972237438       -0.5656275657
         0.2423945925        1.6818324341        1.1091425873
         0.0920642275       -0.4912008140        2.2776381049
        -2.2262794050        0.0387392767       -0.4623616575
         1.8631644088       -0.0767185047        0.4601106418
        -1.1415879843       -1.1177942183        1.2579973898
        -0.0732632170        1.2736763030       -2.2402554778
        -0.0768787765       -1.5377556726       -1.7696958007
        -1.4916940653       -0.6210630827       -0.7402539831
        -0.1847561071       -2.4916118348       -1.5738993736
         0.4926575511       -1.3139727261        0.9062194953
         0.8836870756       -0.1378388049       -2.0293544101
        -1.6405812315       -0.3561307527       -1.7444371955
         0.9806555260        1.3945780498        0.5281142643
        -0.8944244077        2.4110454432       -0.9590396731
        -0.1794901496       -1.1214268742        1.6191645708
        -0.4883018800        1.3149107543        0.5115601630
        -0.4948467295        2.2698820366        0.6788578039
        -1.2368210445        1.1304220167       -0.2523240558
         1.3433706018       -0.8168002754        0.8264080406
         0.7271769525       -0.6391399020        1.5792358894
        -2.2783959060       -1.8183190615        0.1821284028
         0.0871330230        2.3614416271       -1.0139247108
        -1.3736139014        1.8295167968        0.8496752885
        -0.7251777629        0.7108665884       -2.7256915707
        -1.3985175543        0.4105345937       -1.0400805561
         2.0844626588        0.9068793647       -0.9368986905
         1.5394803694        0.3956257199       -1.5255219746
         0.2982329846       -1.0730217746       -0.0817118730
        -2.0761525341        0.4442630150        1.2935916344
        -2.0557992006       -1.1381830910        0.8435740868
        -1.3991581185        0.8363306868        0.6877635346
         0.5401755782       -2.8679001437       -1.0906138360
        -0.3763092467        0.3288925695        2.2638317552
         0.0458737406       -1.8799529614       -0.7660125761
         0.5752697303        0.2978912094        1.9146175632
        -1.0898178749       -2.9147350246       -1.5456760075
        -1.5865013821       -2.5868283101        0.0277282295
        -0.6245217614        0.7572947454        1.3429992739
         0.0265092905       -2.8050679933       -0.2966051153
        -0.3750591218        0.2502879239        0.3419109577
         0.5214996347       -0.3130213360        0.5990004862
        -0.9833046411        1.3767331542       -1.1916274544
         1.5083622633        1.2940380179       -0.2949016973
        -2.2606335868        0.3209642162       -1.4214883997
        -1.5333370678        1.2459951921        1.6317427780
        -0.8764711013       -3.2351811869       -0.2406212361
         0.0507285693        1.1470278291       -1.1965254155
         0.3363674077       -0.0463801412       -0.3595357575
         2.1893615258        0.7072194193        0.0199542741
         0.9135470628        0.6662620456       -0.8230309304
        -0.6130598256       -1.5610858398       -0.0438591194
        -1.2963636138        0.1359092732       -0.0513642874
         0.8035820768       -1.0768910606       -1.7395088189
        -0.3855486541       -0.8056341133        0.6399271129
        -0.3707873925        1.6757273314       -0.4322731582
        -2.2833439894        0.7002195533        0.2686875119
         0.3314700778        0.6829987733        0.9072866959
         1.0009424393        1.0656542171        1.4623241200
         1.2216538094        0.1259996972        1.1883573286
        -1.4427131597        2.1117848732       -1.6836487181
        -1.8891144968        1.2338288751       -1.5802209696
        -2.2343778896        1.3390309817        0.9856154903
         0.1083352455        1.1398501066        1.8983368855
         0.8991169006       -2.2503306394       -0.4631697248
         0.5480570941        1.8136314318       -1.6666747173
        -0.7088240537       -0.3333731529       -1.3331266445
        -2.4410378378       -1.5579347143       -0.8302662510
        -0.8100067481        1.1645087227        2.2424522324
        -1.7952433768       -2.2630136137       -1.2621839172
         0.2628620752       -2.0327533296        0.2617373848
        -0.6569266570       -2.4846443989        0.3255324021
        -0.8636718888       -0.4979089155        1.9567223871
         0.7350142342       -2.0091831206       -1.4466453118
         1.0604036170       -0.3715186339       -1.0942504359
        -0.4274286764       -1.7619766548        0.9346550779
        -0.3689688597       -3.2684147684       -1.0400233336
         0.2514312201        0.9580780251       -0.0793988607
        -0.0030974218       -0.5961988387       -2.0611982090
        -0.3318541318        2.6393560285       -0.1955336968
        -0.9212375604       -1.0425473581       -2.0035874306
         1.7271102991        0.8556494439        0.8277438220
        -2.0495856305       -0.2050865716        0.5613640124
        -1.0943809160        1.4122406261       -2.2150124221
         0.6978718457        1.6972046677       -0.6605552940
        -1.7548575741        1.8876877054       -0.8077366292
         1.1227882972       -1.5396975565        0.1780909739
        -0.4327687563        2.0122433799       -1.7410508600
        -0.8522894994       -0.1527432816       -2.3653753864
         0.7539389355        0.8516286967       -1.8865410404
        -1.7208711786       -1.3050018685       -1.4564452116
        -2.2690148304       -0.9067659487       -0.1384144366
         0.9959729279       -1.3408146766       -0.7892117894
        -0.6317323438        0.5964152943       -1.7364928508
        -0.5483382426       -0.5062340319       -0.3332524483
        -1.8122219061       -0.4596174287        1.5184485999
        -2.0129174455        1.6268741579        0.1046039241
        -2.3530074352       -2.4529664987       -0.5187671721
        -1.3361346316        0.3298021061        1.9150491720
         1.1033527050        0.4452634530        0.1707946984
        -0.7794724348       -1.3257995640       -1.0340509272
        -0.8613952007       -2.3902414841       -0.7444216704
         0.1372977151       -0.8455613786       -1.0547663406
        -0.4871143341        0.4886761474       -0.6099877052
        -1.3272548456       -0.8642040664        0.2516043536
         0.2104879496        0.1389728305       -1.3669929147
        -0.1369966814       -0.1358057648        1.3627305671
