        -1.6877088635        1.3240713986        1.0282688458
         2.8551410275        1.2130614603       -0.4827652560
         0.2161814686        1.9018042704       -0.4434019470
         0.5490467457       -1.3627355505        2.2453155514
         2.4633030810        1.3122068206        1.1437941516
         1.2627677268        0.3334549840        0.0762661798
        -0.7044369196        1.7825761442        2.6765716978
         1.5702499529       -0.2113073546       -0.7116672366
         1.0776328386       -0.1480236473        0.9645166248
         0.4788497438       -2.0403154414        0.5647059124
         0.0902368278        2.7380250161        0.0638805503
         1.7618147611        1.3209021800        2.6775026805
         0.7984829507       -1.1416597241        0.7829558998
        -0.0630258008        2.3881558053        0.9463591972
         1.2936778912       -0.1323735655        3.3046702357
         1.7985800722       -0.6187490644        2.5918850178
         2.5284637005       -0.4762509228       -0.6693359832
         1.8328192757       -1.1687577706       -0.6121170580
         1.7583421660        2.4085249957       -1.0057063986
         0.8259630629       -0.3740363143        2.3868063767
         1.9905851447        1.0706312023        0.0372056202
         0.0794804420       -1.6476320535        1.3655419389
        -0.6490480902        0.7683574724        0.5346155790
        -0.2157982165       -0.8723229967        0.7237547557
         1.6088045039        2.9182147185        0.6283229866
         1.7264327953        3.0695648102       -0.3223890952
         0.3629773036        1.0331378836       -0.8923415398
         0.6662303585        3.0086094523        1.0221312889
        -0.1558327944        1.0053807700        1.3797037037
         0.5774878671        0.5452515450        3.4577754930
         0.8797229399       -0.9086263896       -0.6588553410
         0.8583505407        1.4486840542        3.1133432075
         0.4526260613        2.5504648964        1.8452611011
        -0.6300121236        0.9225178636        2.2961271797
         2.0222642142        0.3294543656        2.7908725608
         1.3088166437        0.7688969352       -0.8292607275
         0.8134657359        0.8496384987        0.8436736133
         1.0636971196        1.7256386854       -0.9621262766
         0.6111906314        0.0568349925       -0.7931641467
        -0.4622575325       -0.1273367363        0.0498455060
         1.8182743648       -1.3941025288        0.8762498198
         1.0456980119       -1.0550349979        3.0431253913
         0.0577296514        0.2995423223        2.6685035593
         0.2691018415        0.6111572478       -0.0143737926
         2.5368470903       -0.9413854431        0.2955554062
         2.5865872426        2.1765937508       -0.5889335857
         0.8726259047        3.2734957146        0.1331703747
         1.5035697955        0.8091775361        3.4590405183
        -0.8146748023        1.7044245156        0.9702510001
         0.6142108182        1.7286589386        1.3352162319
         0.9937978485        1.3393278451       -0.0531474028
         2.2648216384        0.4982900584       -0.7644109194
         3.0030903282       -0.6201560037        1.3644143046
        -1.2077655192        1.5571751019        1.8564579370
        -0.7241676227       -0.8443020925        1.6354040996
        -0.6016761568        2.0653339984        0.0878836015
         0.0787213870        0.1184535733        0.8952303843
         2.7234925385        0.3352402667        1.2624064235
         0.9100837153        2.5945376823       -0.5383971114
         1.5051024857       -1.5377229455        2.3426962987
        -0.4783660938       -1.7886535653        0.5165730253
         1.9851842094       -2.0000604686        1.6275397035
         1.6114779515        0.0967406014        1.8309972378
         0.2957897529       -0.6460378390        1.5620718701
         3.4654275418       -1.0809292319        0.6377132578
         1.1495926558       -1.6220626737       -0.0274834623
         1.7342613866        2.0833594172       -0.0665355153
         2.0789071729       -0.4108825063        1.0773892300
        -1.0049319985       -0.3623259060       -0.7456949841
        -0.4950460151        1.2054256572       -0.3824908573
        -1.1320842824        0.6875474883        1.4501886773
         0.8471138220        2.2411821045        0.4395614571
         2.2763071381        0.8376670537        1.9951661538
        -1.1890053566        0.4949155678       -0.3210187236
         3.1934214585       -0.1480405866        0.5252421941
        -0.3950775772        0.0788328794        1.7980700910
        -1.1760368383       -1.1072742801        0.7382829791
         2.2377661503        2.2736594208        1.0159643370
        -0.1469345666       -0.6685844421        2.4656240533
         1.3381784869        1.1003299617        1.7125568631
         0.3590172077        1.2314951601        2.2160195255
        -0.8787065803       -1.7464582767        1.3775101379
         0.5386513757       -0.4063908765        0.1098560826
         1.5457495078        1.5870663459        0.8369082815
         1.0774605128        0.5988845934        2.5906989256
         1.9986006371        1.8042613137        1.8517942723
         2.5191880876       -0.1525051185        2.0845626274
         3.1118409963        0.2455036154       -0.3659650251
         2.0112814827        1.4693087327       -0.9025684408
         0.1998633532        2.0723245316        2.6888340092
         2.6832472230        1.7839192297        0.2913815248
        -0.7705313571       -1.0866204591       -0.1390612551
         1.4059045548       -2.2560273864        0.6883356608
        -0.0772909582        1.2056565333        3.1021461115
         3.3557926553       -0.7208142525       -0.2395798128
        -0.4014925333       -1.5396266834        2.1889571744
         1.0959053000        1.9388272106        2.2780785122
         1.3175682273       -0.8815120243        1.6371725799
         1.5252751599       -0.6740122728        0.1885551304
        -1.3154539395        1.3718843160        0.1534395763
         0.3769600727       -0.4007899013        3.2643775898
         0.5875026289        0.3635902018        1.7074806250
         1.8044010831        0.5827161501        0.9371462744
         1.3419573771        2.4168345847        1.4350413935
        -0.3054032143        1.9358749480        1.8224120399
         0.0954338654        1.4995244383        0.4767432173
         2.4590068873        2.7283720686        0.1789695499
         2.9025862494        0.8076733507        0.4024263790
         2.2721892411       -1.0880845674        1.8584771399
         2.7959448574       -1.5589883752        1.1723359406
         2.2578374006        0.0604941499        0.1573079884
         0.1864389872       -1.3617166908       -0.0846696680
         2.7726758348       -1.4161198934       -0.5422963529
         2.3477051483       -2.3231880963        0.8116375560
        -0.3347367089        0.3345820508       -0.8356451392
        -0.0747629698       -0.6444678308       -0.7211023088
        -0.9680177280       -0.1572042588        0.9584118287
         3.0220725217       -1.8391413604        0.2728768708
         2.0949357751       -1.8843585627        0.0020802263
         1.0498477443       -1.8430011423        1.4871589021
        -1.6029937440        0.5037740490        0.5534890394
        -1.4266371636       -0.3727679987        0.1179033487
