         2.0311508812       -1.6725268194        2.3593792472
        -0.2311842702       -0.7062953730        1.4845033899
        -1.0383180964       -0.9763356525        1.0110285269
         1.2440141903       -1.1889747876        0.1850002675
         1.9528515009       -1.5319077217       -1.3220858828
         2.8424349104       -1.2689209368       -1.6034182357
        -0.2269652625        0.0444189919        2.1435239315
        -0.3534360487       -0.4879086607        0.4698606018
        -0.8510578107        0.0453840750       -0.2200672596
         1.9615615604       -1.8709846718        0.4300208361
         2.0944479424       -0.8689769402       -2.0335121581
         0.4268327836       -0.8644601189       -0.9943105064
         1.8743163227        0.3810585681       -0.8701537148
         3.1314026307       -1.1213129545       -0.6899752311
         2.1504272930       -1.1992943872       -0.3584177650
         1.4208844163        1.2954668120       -0.6187081147
         1.3208607296        2.5498402693       -1.2470097641
         0.0646281347        1.1894205506        0.8390156393
         0.5780200115        2.7535046568        1.2781146365
         2.3167204360        1.8636212909        0.9739684132
         1.7599446924        1.6812510914       -1.5014663630
         1.3599576413        0.1179617079        1.3563128064
         2.0584504880       -0.5936177906        1.6515025585
        -1.0810534365       -0.1986218693        1.6380533912
         1.4114267866       -0.5165446467       -0.6127753543
         1.9479889121       -1.6060460559        1.4113146882
         1.8303795824        1.7505809161        1.8492649953
         1.3256032566       -1.0650380081        2.2150000447
         2.6232236899       -0.0765550325       -1.9692206016
         1.4909903995        0.6974510443        3.0175576547
         2.7017008394       -1.9489412479       -0.8993087922
        -0.3521040163       -1.6686493408        1.2338226283
         1.9871850424        2.1469191841       -0.6740005655
         1.3287902209        1.6248922412        2.6984028094
         0.3809073910        2.5866149307       -1.0832873744
         2.1945476705        0.8048139891       -1.7424705914
         3.1918325040        0.0988365904        0.4886847857
         2.6884378642        1.2785069930        1.6783254883
         2.2182132990        0.4080268166        1.8491532896
         0.5097447009        1.3018221727       -0.1127576193
        -0.4080312404       -0.8480403670       -0.4657426975
         0.4708512188       -1.3628245933        1.7565575914
         1.3254132237        0.8846533838        2.0580001908
         1.8530770840        0.7032983132        0.1169173725
         1.2111934108       -0.8994917792        1.1980150640
         1.9510376012        2.4428694793        0.2616942831
         0.3654334062       -2.2528452012        1.4659790941
         0.4703201702        0.5945817254        1.6088580508
         2.8574526276        0.3919040574       -1.1565977375
        -1.2542932184       -0.0512717412        0.6978877661
         2.7762618641        0.9888295519        0.7433324495
         0.1857588714        3.1248042142        0.4958787403
        -0.3736795714        0.2927073941        1.1466993287
        -0.8547623128        0.8151058314        0.4091010910
        -1.2089775616       -0.8055813262        0.0823123020
         2.3163840279       -0.2012671026       -0.1274055601
         0.9691962184        2.2100558178       -0.3706310341
         1.1401574781       -1.5111052383       -0.7647720648
         3.2857961266       -0.4539238141       -1.3945378670
         0.9565388667        0.7175291889        0.6224560982
         2.2844675826        0.1088644467        0.8506060595
         3.0376849916       -0.8500266912        0.2529583703
         1.8620873093       -2.1269426406       -0.4906649563
         2.1117784285       -0.8866548930        0.6504217556
        -0.4383282852        1.6721299409        0.1105595926
         2.8053471179        0.6775854045       -0.2024694527
         0.5251540278       -0.1728750560        0.9085696015
         0.9631420363        2.2062996286        1.9737374203
         0.1907824950       -2.1286483834        0.5395669121
         0.6277867764        0.3422055757        2.6019663846
         3.2499533311       -0.1765740033       -0.4586049316
         1.2496984743        0.8546013892       -1.5213848783
         1.4147019403        1.6170997196        0.3726121739
        -0.3906568019        2.4160278841        0.7585691389
        -0.4121023856        1.1223215323        1.7832266550
         3.0291591310        0.6709407476        2.3554180511
        -0.0586907336        2.5246458149       -0.2066075935
         0.8044212357        1.7348567569       -1.3083706568
         2.3282835476       -0.5307320274       -1.1242977379
         0.0716661168        0.4145869381        0.1603865822
         2.3349992644        0.1988924970        2.8202922801
         2.9165050746       -0.2773387725        2.1603677363
         2.8307641170       -1.7894658693        0.0288805390
         0.3593576912       -1.1855637781        0.7402016970
        -0.0328425170        0.0101672461       -0.7633181792
        -0.0391036850        1.7495252683       -0.8057091348
         0.9323923703        1.4917404494        1.3044371280
         0.3893182836        0.8754933398       -1.0187611628
         3.1314644314        0.3850825543        1.4326500508
         0.6548427482       -0.3807376133        1.8983512375
         0.0538852172        1.9761089111        1.4879014550
         2.2065222950        1.1544398417        2.5540807620
         0.2971333783       -1.5078513780       -0.2296698042
         1.5024951670       -0.1022997641        2.4143546449
        -1.0210509422        0.5431925302        2.2348385095
         0.6391506395        3.1743069720       -0.3816115404
        -0.4482792865        0.9003245847       -0.5090268781
        -0.8111542747        1.5881535280        1.0221014908
         1.4591992275        2.3332084916        1.1282900290
        -0.5443104388       -1.4830503550        0.3041747420
         1.4051806206       -0.1872190498        0.3736668223
         1.0891900077       -1.9052425244        0.9507017192
         0.5138429788        2.1011045674        0.5491317959
         2.2199398191       -0.7725764257        2.6133268915
         1.5722555686        3.0016680593       -0.4443130842
         1.2598120423       -0.8699182148       -1.5260083510
         1.6746888187       -0.0201583665       -1.7909678268
         2.9822752725       -0.5723762957        1.2104940982
         2.7482536761       -1.2376524284        1.9112551953
         0.4466965174        1.4215180036        2.2438396253
         2.8054595421       -1.5089888091        0.9521008120
         1.8292344194        1.0269051757        1.1030505278
         1.1198603946        2.9352405847        0.4255030586
         1.0311632347       -2.1271349060        0.0004648857
         0.5268992790       -0.5034537883       -0.0920578858
         0.8289016165       -0.0109873404       -1.2625271926
         0.6446665335        1.1235109092        3.1282386625
         0.9724262767        0.3964888723       -0.3554157764
         2.3657637839        1.5640660852        0.0412965770
         1.1972063065       -1.9734457563        1.9216927985
        -1.2286809616        0.7338962852        1.3267145240
         2.3978908000        1.2546194767       -0.9055570522
        -0.1950887127        0.8343099973        2.6937744564
