         0.0620789610       -0.3926725200        0.9610821456
         0.4277054351        0.5986448508        0.6066921542
         0.9708576429       -0.3734807851        0.5626178741
         1.1153240049       -0.3023931556        2.1315481043
        -0.4629361360        0.2755971853        0.5422591231
         1.4088438824        0.4566102052        0.7067124182
         0.8182533193       -0.8109320481        1.4295246841
        -0.1578340846        0.4235248461        1.3936400582
         1.5772805172       -0.2486874015        1.3220928854
         0.2055870802       -0.2776550464        1.9235273568
         0.9946249002        0.3063781939       -0.0968249668
         0.8121544366        0.3146092791        1.4698258066
         0.1865011956       -0.1286001211        0.0215496962
