         0.5308966255       -1.3692911811       -0.2548292779
        -0.3493300162       -0.2222232539        1.1554986506
         0.0339464910       -0.1417754484       -0.5310319809
        -0.3123735233        0.1720795532        0.3075438106
        -0.3264483277       -0.9847855018       -0.3987643742
         0.4846273812        0.1508957683        0.9675973237
         0.8618281152       -0.7437210974        1.1318132653
        -0.6970072482       -0.7276284294        0.4487072761
         1.2735692504       -1.0574942580        0.2538616732
         0.9200185463       -0.4590847247       -0.3976399484
         0.6387738868       -1.5755291734        0.7134299379
         0.2907476061       -0.6226490838        0.3474221794
        -0.0529545308       -1.1065777946        1.1648939281
         1.2488689092       -0.1484380786        0.4895204791
         0.5877147457        0.3591975700        0.0313695347
        -0.2326112579       -1.5596509513        0.3324353451
