        -1.1116249277       -0.4807390191        0.5497755457
         0.7429192938       -0.0377039286        1.2456797627
         0.3634500731       -0.8439401134        1.5234408817
        -0.4089492801       -0.9540492766        1.0147682429
        -0.9366827914       -0.2654140303        1.4578965526
         0.5698194732        0.6557155025        0.5831353462
         0.2694265725        0.7553529883        1.4826495488
         0.2998304061       -0.0235935148       -0.0572911613
        -0.1896950122        0.0234452021        0.8365868312
        -0.3369889840        1.0288244855        0.7833560433
        -0.6685006008        0.6341889085        1.6008868671
        -0.3222362549       -0.7333068976        0.0791980601
         0.4729302304       -0.7170129365        0.6052532640
        -0.0607194922       -0.0778818170        1.8407853453
        -0.6852188140        0.1526569201       -0.0426611590
        -0.0565719910        0.8386233262       -0.0842051781
        -1.1126122325        0.4393407363        0.7845214858
