         1.9448257624        0.1118790941        0.3002537733
         0.3423155651       -1.1181356524        0.6526202839
         1.0834515633        0.4502289613        0.1987707212
         0.0656115084       -0.7094209708       -0.1804060555
         0.5413258093        0.0469858563       -0.4417287861
         1.7632773819       -0.8517304810       -0.9732880168
         0.3652438623       -0.1133756287        0.5213746165
         1.1415700000       -0.6858258787        0.1881950737
         0.5053825534       -1.5281135663       -0.2359831666
         1.4979249022       -0.0661212718       -0.5400683077
         2.0504601754       -0.6176480729        0.8689157435
         1.0326201217       -1.7772980031        0.4897389673
         1.4654993940       -1.4870665245       -0.3544589070
         0.5198626161       -0.5199212733        1.3496781625
         1.2605401374       -0.0719800630        0.9946872244
         1.9088825052       -1.4632203273        0.5059993918
         0.8486420802       -0.8058649840       -0.7819461613
         2.1147822152       -0.7473228135       -0.1125810537
         1.2376118397       -1.0767400864        1.1259328914
