        -0.7580111026        0.4762782005        1.0290159073
         0.5854964848        0.3769753322        1.9124011707
        -0.0077168873        1.8725515291        0.6969694917
         0.3427835192        1.1766405253        0.1338985836
         1.0057335761        1.2642936569        1.7790321503
         1.9014370580        0.2959432832        0.8878125747
         0.4911392798       -0.3862798673        0.3741084453
         0.6721363032        0.3192843178       -0.2106113024
         1.3805339575       -0.1290163867        0.2137832951
         0.9938251985        0.0112994598        1.0964338704
         0.2972907287        1.8956742448        1.5747886180
         0.2922876955        0.8780555764        1.0921264420
         0.0191152177       -0.0850860303        1.1795248316
         1.5460830287        0.4743572585        1.7391665036
        -0.4962954984        1.3426533583        1.4086410464
         1.7270800475        1.1799214400        1.1544467502
        -0.1424322634        0.3276047109        0.2933481663
        -0.5768316230        1.1825536170        0.4437067367
         0.9091647678        1.6387018726        0.8667748988
         0.1161112514        1.1893988304        2.1600977918
         1.1959224319        0.7991164394        0.4435489991
        -0.3721833084        0.4517853016        1.8743961410
