        -0.3230902081       -0.4279496086        0.4684982153
         0.6116245777       -2.0130450711        0.5548925419
         0.4209869325        0.3523298751        1.5928681927
         0.3874764126        0.9860721151        0.7573840875
         1.3969387709       -1.6843741302        0.9375185771
        -0.0157910863       -1.3464859907        0.2650909843
         0.5675184331       -0.5536646132        1.9667535284
         1.3057139373       -0.1262874594        1.5404114883
        -0.1316569371       -1.9522222583        1.1138810278
        -0.2258649802       -0.3873165980        1.4744535215
         1.7236267708        0.1811243646        0.6785646126
         0.3804675349       -0.5422570211       -0.1571442680
         0.7039078963       -1.8730529515        1.5595979469
         0.1216723417        0.3653095928        0.0732726016
         0.5073156238       -1.0533229498        1.0347825100
         1.2800737825       -0.2904442184       -0.0218311184
         0.9768612362       -1.2198508911        0.1503170612
        -0.0355061999       -1.2996521225        1.8131046640
        -0.3070237587        0.4060089972        0.9445917121
         1.5376072169       -0.7473735350        0.8100614571
         1.2791732870       -1.1075662240        1.6879146668
         1.1866909839        0.7576985910        1.1789722211
         1.0494276422        0.6261395942        0.1782734843
         0.6640325349       -0.0844759533        0.7549303983
        -0.5922341639       -1.1555983640        1.0295638116
