        -1.5281976992        1.1550996728        1.4745323476
        -0.4826292645       -0.6559483857        1.6249382468
        -0.4769577825        0.3816886924        0.0491390987
        -1.3069581010        0.3637040038       -0.4873848352
        -1.0362511326        1.8088167302        0.9767012574
        -0.1923627688        0.2879070196        1.8594058214
        -1.8029075544        1.1620107239       -0.2808275318
        -1.1084474260       -0.8932380452        0.9335840356
        -0.0024722174        0.4830141927        0.8865785767
        -1.2748585783        0.8126862560        0.5018700032
        -1.8551146859       -0.2467099691        0.9732244019
        -2.5757170913        1.0315422776        0.2334694142
        -1.2050336971       -0.2434834053        0.2415535111
        -0.9506647028       -0.1416968503        2.2973364802
        -0.8018371578        1.1425955239       -0.4405615047
        -1.9252271802        1.5573938097        0.6458886236
        -0.3158803757       -0.4135808700        0.6566047182
         0.3211909412       -0.2781952918        1.3250488978
        -2.2037443734        0.6555619108        1.0059517782
        -2.0514357247        0.2675205558        0.1220845155
        -1.4882934478       -0.6731648503        1.7529108200
        -0.4188522223        1.2950293129        0.4302334418
        -1.7356945676        0.2555710531        1.8195416306
        -1.1874996983        1.8229333060        0.0657063193
        -0.9891408517        0.7716872283        2.1660494126
        -0.9545519804        0.1409369716        1.2302973794
        -0.5374609442        1.1043107003        1.3898148493
