        -0.8373376647       -0.1386472829        0.3236131220
        -0.6246841981        1.9983322028       -1.5030478440
         0.4502871978        1.4255857534        0.5117661310
         0.8933693133        2.0487438668       -0.9672335223
         0.8996438831        1.3010591239       -0.3496014915
        -0.4389776223        1.8550642985        0.4050240459
        -0.6280582541        0.4802046902        1.0700743552
        -0.3687162084        0.4639118111       -1.1560504344
         0.3500664197        0.6450671745        1.0785886018
         0.2955960144        2.0760273372       -0.2040403192
        -0.3445900264        0.8586898122        0.2313509650
         0.6072639784        0.5127799803        0.1529047012
        -0.2154267027        1.3705712544        1.2148589965
         0.0260290874        1.3535382878       -0.8652337254
         0.0391109385       -0.1095420944        0.6329656646
         0.5674877720        0.4950013611       -0.8256065490
        -1.0918753058        1.3414660659        0.9055064535
        -0.6406079665        2.0449377871       -0.5344842047
         1.0403266880        1.1942000265       -1.3031897946
        -0.9727640774        1.2388800244       -1.0104892618
         0.3547786198        0.7417222741       -1.7390750910
         0.0608638699        2.4508099547       -1.0671625467
        -0.4777268232        1.1437883624       -1.8390041157
        -1.1712656624        1.3717370715       -0.0605794680
        -1.4028307867        0.5868567973        0.4598835160
        -1.0142888811        0.4589312985       -0.4194408978
        -0.1250240612        0.0294527530       -0.3126988131
         0.3094973159        1.7320234105       -1.7039571149
