         0.5744769130        1.8023712930       -0.2522145693
         0.4767288831        0.6257552327        1.6649064936
         2.0080213948        1.2839947278        0.5410161454
         1.1388888503        1.7879284019        0.5358372407
         0.3400027181       -0.9066083543        0.8749840270
         0.4830955255        0.9621813122       -0.6607117184
         1.4074994983       -0.4401423186        0.3103226345
        -0.2457261070        1.3318012062       -0.1580135463
         1.6744469997        1.6761655150        1.3361381924
         0.0213259653        0.2258836489       -0.2597361192
         1.3275177745        1.0379920320        1.9307089625
         0.6145607138        0.0194392693        0.7584274143
         0.5074348100       -0.5934589821       -0.0111722240
         0.6845951216        1.5370379371        1.3510732624
         0.9948764085        0.2309891587       -0.2509920219
         2.1048323075        0.8319322519        1.4074243608
        -0.2686802163        0.1744437206        1.2448676720
         0.4661943904        0.9480074317        0.3544965125
        -0.1712907229        1.1368722740        1.1423488545
        -0.5146351709        0.6163497631        0.4227263760
         1.9072768465       -0.0259391482        1.0247100902
        -0.2977024534       -0.3446953404        0.4468223908
         1.2069633688       -0.6952731131        1.2058210787
         1.8496022774        0.4170648746        0.1838137325
         1.2654653114        0.7858659288        0.9490184742
         0.1371125890        1.8444724425        0.5869688514
         1.3309108140        1.1542110497       -0.1680579737
         0.4273939189       -0.3602726391        1.6529615327
         1.2930600024        0.1005808600        1.7403940553
