         0.6549016376        0.0377021376        1.3189326196
         1.0041377446       -0.8429918187        1.0860526725
        -1.3738142856       -1.3587021887        0.6764232774
        -0.8768241093       -2.1547854211        0.4831664141
        -1.0222115725       -1.5597114949       -0.2421397431
        -0.2862261390        0.1139834220        1.5300654581
         0.0161122868       -0.0861254382        0.5732110905
        -0.3020021130       -0.1304576361       -0.4795018900
        -0.4658682865       -1.4958437077        1.0366435556
         1.0351189502       -0.1486396448        0.4166008823
        -0.1869807735       -1.1112368344       -0.5769457587
         0.4512473674        0.4032454871       -0.1813940290
         1.2279677811       -1.0854229684        0.1921832767
        -0.7132393340       -0.7539664348        0.2589978245
         0.6807992002       -1.5090228954       -0.4453922822
        -0.8606932510       -0.6192752515        1.2482337144
         0.6996667705        0.7140829330        0.6635652385
        -0.4569811471        0.6416479513        0.0629075552
         0.4996641821       -1.6397768562        1.2512601312
        -1.7004660073       -0.8812258048       -0.1024794722
        -0.1696218897        0.8399632040        0.9455334378
         0.2619092269       -1.0960607235        0.4209163537
         0.7887523293       -1.9384586452        0.3964478499
        -0.1116739508       -1.9355744474       -0.0526257292
         0.0052534333       -2.3104855390        0.8105924726
         0.0975896240       -0.7618098887        1.4199482238
        -0.9407179332        0.2639314093        0.8129263169
        -1.6122094136       -0.4163324602        0.6999980989
        -1.0413574334       -0.7007304218       -0.7334450871
         0.5989321150       -0.5438376467       -0.3580061205
        -1.2153531042        0.0077077689       -0.0976268428
