        -0.2200837279        0.1496750790        0.4362448040
         0.0938404092        1.8736200960       -1.2308525389
        -0.2789984663       -0.3822891238       -1.4441182351
        -0.4199293446        1.1905041524       -1.6877612055
         1.2398899124        0.4346739098       -0.8253380339
        -0.9540846692        0.6640497166        0.7056617060
         0.1281015755        0.9461295014       -0.0443699199
         0.6264712572        0.0772653043       -0.1335560459
         1.8411243806        1.1560232831       -0.5850480868
        -0.0830727282        1.9890994027        0.6986604651
         1.4443326999        1.1778900597       -1.4612128576
         0.8189865270        2.3748659783       -0.6570025328
         0.2229898910        0.6262533002       -1.0405500853
        -0.5505319513        1.3025061285       -0.7509394606
         0.6771446975        2.3833414228        0.2922867271
         0.9488105335        0.3433923447       -1.7423350791
        -0.2341362753       -0.1237248290       -0.5210785277
         0.5317651506        1.2174637063       -1.8255511424
        -0.7132422600        1.4368576782        0.2308453736
         0.0219241306        1.9509685696       -0.2520756558
        -0.1398404759        1.0537049246        0.9407295666
         1.2244062891        0.8405822987        0.0771013024
         0.6166045302        0.5007798832        0.7346690969
        -0.0203422330        0.3722027374       -1.9800569200
         0.9722154159        2.0310119876       -1.5561193135
         0.6059269316       -0.3007804990       -1.0528779648
         0.4762949948       -0.4275203342       -1.9733874550
        -0.7241958018        0.4265852750       -1.1957115729
         0.7122752647        1.4797264842        0.6143136219
         1.6696121791        2.0032831448       -0.9364162143
         1.3863596193        1.8358498873       -0.0277903272
         0.8253456454        1.3892828570       -0.7204415965
        -0.8546168399        0.5526673842       -0.2141684469
