         1.5004824512       -1.6435928745        0.2983760054
         0.5049665137       -1.1066579702        1.5826279494
         1.9867130937       -0.6540696960       -0.8715786215
        -0.7384649287       -0.9420983767       -0.6126279956
        -0.2156668206       -0.8442495943        0.9391070306
         0.6944362575        0.1590991484        0.6936664158
        -0.4481883841       -0.0462878485       -0.5745493866
         0.1473173202       -0.8472162367       -0.9627313982
        -0.4168396654       -1.4134544427        0.1581337129
        -0.8121874331       -0.4953533654        0.2136340306
         0.9811975709       -2.2482218427       -0.4168621550
         0.2347558308       -1.7164004750        0.8349135935
         1.7792669341       -1.0170127318        1.0046451047
         2.0411457955       -0.8664283263        0.0774300284
         0.1512248657       -0.4964123951        0.0271701505
         1.1820567794       -0.4131366584        1.4562744478
         1.6114363597       -0.1539703124        0.6132689887
         0.8411324149       -0.8808240488        0.6888020801
         0.2633573165       -0.2032585682        1.4676515819
         0.0991445652       -2.2583991795        0.0041689155
         2.0012664881        0.0568756798       -0.2369867408
         0.6892708561       -1.6547644116       -1.1153479566
         1.1690340148       -0.5444898305       -0.2598851676
         0.1406683786        0.5000936160       -0.0453893420
         1.5120141761       -1.4588071148       -0.6561325924
         0.4978551476        0.0477635365       -0.8161030988
         1.1089860045        0.4354578634       -0.1411348057
         0.5789044006       -1.4166086360       -0.1512413123
         0.8856562999       -2.3442392147        0.5157897012
        -0.2780875181        0.1045588373        0.7225891501
         1.1385147058       -1.7043549888        1.2010946664
         1.4361579069        0.1128281255       -1.0024170765
         1.0816919711       -0.7680885180       -1.2192494826
        -0.1884346419       -1.7330861196       -0.7344358992
