        -0.1450252068       -1.6868463559        0.6159904730
         1.4569368967       -0.2469619617       -0.9978869266
         0.0169072585        0.2357729609        0.0532097581
        -0.7749899277        0.6832393970        0.5189625609
         1.2343578908       -0.6580221273        1.4442478425
         0.5422883367       -0.1272585784       -1.2936627610
         0.1312313754        0.9615735491        0.7067490867
         1.5043237567       -0.8549038879        0.5515645835
        -1.0037052834       -1.2298664497        0.5241383878
         1.5124273660       -1.0247762721       -0.4092235095
         0.9646767558        0.5969637032        0.3583127817
         0.7113747855        0.3935526093        1.2778401244
         1.5497239967       -0.0980090174       -0.0464675896
        -0.2068295674        0.1290050391        1.0829456805
        -0.1554744299       -0.8150657647        0.1339512138
        -0.8895833643        0.2014154298       -0.3499463132
        -0.3452032318       -0.8549384469        1.1256358690
         0.6391189787       -0.3689233007        0.6686277319
        -0.6336728480       -1.6334032964       -0.2449184358
         0.7409893159       -1.3618065289        0.1921291327
         0.6772292552       -0.4824419506       -0.3811159905
         0.3521902947       -0.4266930749        1.6493541713
        -0.9247477982       -0.2680383631        0.5154472720
         0.9282592710        0.4721460405       -0.6307265564
        -0.5272598390        1.0806351277       -0.2809382292
         1.5409513654        0.0481580044        0.9140483826
        -1.0314414029       -0.7558855427       -0.3202353677
         0.5401076799       -1.2400603801        1.1479785140
         0.3938196534        1.1501208451       -0.2040022754
        -0.0195797518        0.5489387157       -0.8880853147
         0.9624868244       -1.7655971448       -0.6581415457
        -0.2675704461       -0.3846720680       -0.8073777922
         0.9392053543       -1.0051164788       -1.2178191120
         0.1312768065       -1.2907227791       -0.7476816343
         0.2023379880       -2.0692388973       -0.1879530002
