        -0.0412529594        0.3222933528       -2.4468661737
         0.3464891994       -0.3655238064        0.0706195754
        -0.9300432674        0.4689102673       -0.7226031276
        -0.0800530458        1.2898864730       -2.3799524537
         0.3592631073       -0.0384678005       -1.6169493305
        -1.3164720622       -1.0429973472       -1.0458765168
        -1.5956713510        0.1522047256       -2.1487930826
         1.0248911921        0.2782377426       -0.1907593773
         0.0257393881        1.9349437957       -1.6968744405
        -1.3711431755        0.8456422932       -1.5243683965
        -0.8940962925        1.4340709478       -0.9130164322
        -0.4258700215       -0.5612610253       -0.9317829496
        -1.5454246260       -0.1176728764       -1.2291104754
         0.2695044674       -1.1586163636       -0.4869457439
         0.6183819309        1.1373234087       -0.3900059423
        -0.6680991206        0.1301495391       -1.6732341651
        -0.5295272005        0.1081491165        0.1073137161
         0.2836194734        0.5699488669        0.3234345808
         0.3233161313       -1.0036284799       -1.4265360251
        -0.1449101420        0.9917034949       -1.4077695063
        -0.4907271144       -0.8594440019        0.0404000046
        -0.9172693582        0.7959662751       -2.4101720331
         0.6541137857        0.8248070408       -1.9869549715
        -0.0145396882        1.7726121783       -0.7663301919
         0.8003630139       -0.4151998262       -0.8151840607
        -1.1891620911       -0.7068809404       -1.9495465174
         0.7456918931        1.4734398165       -1.2936759442
        -0.2155344124       -0.6410218183       -2.1516082504
        -0.3552457489        1.0714642853       -0.1879442064
        -0.5965195615       -1.5045013207       -0.6426780086
        -0.8402846352        1.5890588327       -1.8526067140
        -0.5562404746       -1.3421697081       -1.5732222592
         0.9746444651        0.5481153457       -1.1104419833
        -0.8543996316       -0.1395063984       -2.6629870398
        -1.2248939452       -0.3943645754       -0.3525974866
         0.0973189607        0.3002929290       -0.6663182934
