         0.2320418606       -0.0592089629       -1.1563367583
        -0.6334200680        1.7347423124       -1.1731413900
        -0.3672453291        1.7776573481        0.5569741019
         0.8256286814        2.2216382799       -1.7302017637
         1.6099520449        0.5209890036       -1.2856740576
         0.0371445897        0.2268354153       -0.1121973113
         0.4403242749        0.6166955119        0.7135871974
         0.6189403983        2.5990739506       -0.5616365731
        -0.4690674011       -0.4388727957       -0.6044967080
         0.0146656439        2.4626729724       -1.2807827088
         1.0747988406        1.8868416809       -0.0684438213
        -0.7486146945        0.1352792923       -1.3071335966
         1.7319314391        0.3747207756       -0.3420512207
         0.5313470623        1.6698656711       -0.9669616136
         0.9762694143        0.0018101475        0.0956324270
        -0.8081963146        1.3583432194       -0.2560417771
         0.3538489852        2.3617729137        0.3406587548
         1.6023053953        1.2886440846       -0.6336151005
         0.9820280721       -0.0178851433       -1.7938808125
         0.0198508559        1.7261088527       -1.9132000128
         1.4522610795        0.7203359839       -2.2150940514
         0.8173720063        0.6727300186       -0.6698246481
         0.2317485494        1.2783776119       -0.0491603788
         0.5383531664        0.8563955120       -1.6685980844
         1.3818240383        2.1898814571       -0.9508594209
         0.4274029908       -0.6177471073       -0.3881600638
        -0.2311341997        2.1474167938       -0.3835921788
         0.6388002131        1.5769193143        0.7997534714
         0.6710575980        0.3940418002       -2.6007970487
         1.3878509039        1.4531494008       -1.5830736166
        -0.1965912345        0.8750478846       -0.9145147203
        -0.0943084466        1.1853503952        1.2250586265
         1.1745308041       -0.2484493063       -0.8430392469
         0.8284718620        1.4297967379       -2.3967043732
        -1.2001987833        0.9597738679       -1.0496342246
        -0.6320810647        0.9683458072       -1.8267225112
         1.2059683990        0.9564533971        0.2300173712
        -0.9073961860        0.3776612526       -0.3589346157
        -0.5153146019        0.8073758152        0.4829719873
        -0.0887595722        0.1957709958       -2.0522837756
        -0.0215817696        1.0144144358       -2.5707624806
