         0.3132188934       -2.3735751659        1.3711852095
        -0.2458549884       -2.0035175908        0.6084210452
         0.4328806254        0.9634647515        0.6490486059
         1.2182600670       -0.8975134415        0.2608106479
        -0.7286554666       -0.1838093625        1.0493974807
         1.8639128636       -1.4658213310        0.8400582474
        -0.1861114844        0.2586771937        0.3573378997
        -0.7520395069       -0.4746486185        0.0869689967
         1.7547713160        0.0679065263        0.9482513882
         0.6366514312        0.4699765785       -0.1536800593
         0.7146693686       -1.6192523893        1.8557536105
         1.5499360251        0.0669995597       -0.0253484645
         1.1194519123       -1.3497316483       -0.5946564939
         0.3631510714       -1.7903872478       -0.1441828857
         0.1049800676       -0.6440145169        1.2477693570
        -0.5093701413       -1.3791135428       -0.1346013063
         2.1219811772       -0.7113916343        1.3829833913
         0.8572290428       -0.3940152239       -0.5707633509
         0.5638947335       -1.5146400554        0.8351202561
         0.0386328814        0.4111301639        1.3144706259
        -0.3760565946       -0.1024235874        1.9982735423
        -0.6801894542       -1.1376948299        0.7839183656
         1.3283986525        0.8293201118        0.4972219264
        -0.7957584915       -0.8709689392        1.7222535768
        -0.2266958890       -1.6085275171        1.5339284713
         0.1087452624       -0.9152544196        2.1818481162
         1.1412218009       -0.7748720594        1.2963313334
        -0.0734159511       -0.1460881438       -0.5109914574
         1.2279500051       -2.1347749723        1.1823257704
         0.7593454038       -0.0268879030        0.6734597506
         1.8006212173       -0.6678319213       -0.5735007013
         0.1692534140       -1.0505530676       -0.7325617611
         0.6055278201       -0.0855245321        1.9639467488
         1.1072851869       -0.8464625981        2.2797693842
         2.0176741445       -1.4418314672       -0.1298664025
         1.0277338231        0.5852600665        1.3800932541
         1.5666000071       -0.1018426657        1.8790080170
         1.2846072545       -1.9526581234        0.1941093789
         2.1469385642       -0.6342604864        0.3805709095
         1.6626663575       -1.4560115668        1.7837447586
         0.1820183346       -0.7666558989        0.2122486727
         0.5719820970       -2.5022656147        0.4997042659
