         0.0959625270       -0.3002439552       -0.0300063765
         1.1722435122        0.2608245013       -1.0377613493
         0.7413276000        1.8922814334       -0.8898794304
         1.1925489128        1.3397441509       -0.2078104517
         2.4914664788        1.0757791202        0.1027278407
         1.1974436854        1.4235993867        0.8339233681
         1.1980992329        2.3872836837        0.6616310529
        -0.0063053814        0.4305192146        1.5340819574
         2.2116214110        1.2362421769        1.0507981942
         0.5097491097        1.2583162078        1.5660955822
         0.2442804137        0.0103961969       -0.9747342407
        -0.7403761217        1.1381211634        0.1961755464
         0.9919174835       -0.4576502476        0.3827055090
         0.7769902782        0.3825165339       -0.1504404233
         1.9632230347        0.6808836530       -0.6319851616
         1.4014336854        2.2976842231       -0.3210984968
         1.0108696185        2.1015907409        1.6160969261
         1.6722487922        0.6069028163        0.3623619843
         1.8692084535        2.0914523751        1.2860495942
         2.5135847795        0.1230474393       -0.0373271091
         0.5014447372        2.1678286775        0.0034026552
        -0.2471811221        0.3852998284        0.5895615714
         2.0456845043        1.6419712213       -0.6014278720
        -0.4000959141        1.9788011270        0.3486424699
         0.4088250504       -0.3270272385        1.8897539872
         1.3855784192        1.2365684321       -1.1702088063
         0.9350043254        0.4448489138        1.8971750774
        -0.2316264933        0.5817004086       -0.3821986287
         1.9198324841       -0.2826570868        0.6654305200
         0.7750691231        0.4518761122        0.9095355963
        -0.3324990229        1.2655135995        1.0540911220
         1.1625754458       -0.3644194455        1.3391410005
         0.2212657380       -0.3787491469        0.9760478831
         1.6637400808       -0.2101550412       -0.3032489650
         0.4839724446        0.9643413793       -0.9594434021
        -0.1211237349        1.5723290624       -0.4788581331
         1.7488477159        0.4153661337        1.3592395166
         0.3162548366        2.0280976247        0.9718485317
         1.4913709352        1.2831004713        1.7495280149
         0.8314387343       -0.5764707144       -0.5789920032
         2.5826844728        0.3869988591        0.8409293819
         0.3021851720        1.1992131056        0.3211209585
         1.9806953270        1.8843709518        0.3308608944
