        -1.1737744693       -0.4583923783       -0.2105545636
         1.2888083409        1.5384319541        0.4686450065
        -0.5999959728        0.1854958144       -0.5771625656
        -0.1466249785        0.7918913999        0.0751745218
         0.0157480403        0.1140769989        0.7678123029
         1.9485877608        1.6500206142        1.1207694496
         2.9771555801        0.9353756602        0.1802947589
         0.6030083864        1.3705385210       -0.2307036424
         1.5531458127       -1.0521844208       -1.4309024821
         2.4129908416        0.9878103084       -0.5831705118
         2.7744712416       -0.6412096356       -0.3113823294
         2.0312215459       -0.0112700139       -0.5243389182
         1.0476456072       -0.5045613154       -0.7764963349
         2.6336098724        0.0668521487        0.3579284297
         0.8823015137        1.3261523655       -1.1491418744
         0.2988648276       -0.0734232621       -0.1790507613
        -0.4376890394       -0.7771722224       -0.6950704114
         1.6821026602       -0.0912233500       -1.5126916009
         1.0794565409       -1.5138513697       -0.7465271190
         0.1560990396        0.7644102785       -0.8549207789
         1.9131862018       -1.0558648526       -0.5269539879
         0.3577637314       -1.0991369777       -0.2378614075
         2.4293970610        0.8660338597        0.9598527426
         1.8028060135        0.6824124752        0.2080446079
         0.1344131048       -0.1667759669       -1.1906125748
         1.2392236782       -1.2159991014        0.1758843145
         0.9276150692        0.0154914465        1.1539774694
         1.8972395985        0.0082003819        1.0108692312
         2.4441936629       -0.6064501962       -1.2035932716
         1.3954943110       -0.8161337818        1.0399947397
         0.5123480634       -0.7227254589        0.6647376941
         1.4513185086        0.8600450350        1.1618678251
         1.7152037050        0.8610555015       -1.2608907102
        -0.3991379085       -0.6529716222        0.2796416339
         0.8406473903       -0.5169598705       -1.7652200160
         2.1029138422       -0.7574123748        0.3929720521
         2.2618987226        1.5652435372        0.2453517842
         0.7733091901        0.6693724774        0.4366255669
         3.0380924440        0.2468765926       -0.5077547512
         2.5406622964        0.3348088664       -1.3087457488
        -0.8451029366        0.1977938899        0.3545389446
         1.5513561591        1.4520657350       -0.4645725593
         0.8447083016        0.4308767564       -1.5070076954
         0.3585888031       -1.1122060957       -1.2096031594
         1.0971355057        0.5219939755       -0.5457386266
         1.2747022401       -0.2192454892        0.2117112850
