         0.0238386730       -0.0711600692        1.8214637484
         1.7491598501       -1.0278569076       -1.1607255067
         1.2821151124        1.5733251011       -0.2594574045
        -0.3015036491        0.3356280286        1.0027860259
        -0.6129691326       -0.0606313641       -0.5720050676
        -0.3594893989        0.6148104944        0.0605591289
         0.2490610416       -0.1741304317       -0.0313698228
         2.1768251009       -0.5772570771        0.7066349352
        -0.3731233443       -1.2169926426        0.6104549878
         0.3878901753       -1.3904319115       -0.8426394719
         1.5591647698       -1.3076385718        0.5413549536
         1.2213124050       -0.3541759876        0.4142399214
         0.9808302180        1.0665074501       -1.0049913391
         0.1230376612       -0.4534107163       -1.0437982938
         0.8848259351       -2.0581718845        0.3381992313
         1.6092272411        0.9633015044        0.3945113674
         1.3726113571       -1.5727866804       -0.3913144679
        -0.3335276968       -0.9571418999       -0.3261184511
         0.4201624114        1.1834974820       -0.1504699931
         1.7579573637        0.2226928860        1.0310436538
         1.0301955962       -0.6099682989       -0.5919527810
         1.6749486146        0.6290791742       -1.4980752799
         0.5752246345       -1.1381849155        0.1873010158
         1.8634209015        0.9030656326       -0.6004755726
         0.8692849966        1.5461013363        0.6302743242
         0.8159414779       -1.4371886155        1.1554363450
         0.8882073962       -0.8684221478       -1.5553238730
         0.1484276502        0.5012594916       -0.7884132298
         1.4527046153       -0.7010047700        1.3238441168
         0.0022352534       -1.8947300675       -0.0663165351
         1.8715880960       -0.0628784009       -0.8699362766
         1.0809342767        0.3920971917       -0.2977790375
        -0.0679898919       -1.2901012350        1.5293146317
         1.6258407801       -0.2913494524       -1.7628224636
         1.1414242774       -1.7571983218       -1.2981669301
         0.6521967657       -0.7832286807        1.8773241483
        -0.6647421385       -0.3088871626        0.3533595949
        -0.6108234120       -0.5493373456        1.2984470045
         1.9605212960       -0.7936835867       -0.2016286270
         0.9455587815        0.1046918126        1.5743492880
         0.8868669135        0.1194763674       -1.3212612804
         0.6717372114        0.5262516180        0.6492296813
         0.3306275892       -0.5059492823        0.9764242987
         2.0411201196        0.1507628181        0.0790601760
         0.1013321988       -1.9997350371        0.8731574232
         0.3291401838        0.8526851473        1.5286165062
        -0.0202502773        1.2377425009        0.7319653127
         1.2427699161        1.0038511608        1.3108424645
         0.7246242909       -2.2466111190       -0.5865178638
