         0.0197873106        0.0381318867       -1.5214826595
         0.1054769082       -0.3912771104        0.8732429772
        -0.2717422024        1.6402354504       -2.1497620102
        -1.2037967985        2.3303356373       -0.2310125537
         0.3520980616        0.8650157144       -1.9535485822
        -1.4509332589        0.1027962529        0.4471368249
        -1.7350520386        1.6745172362       -0.7655678052
        -0.8356090473        1.4564440886       -0.4583550497
        -0.6731505059        0.7287538521        0.2729551233
         0.2435658806        2.2763675732       -1.6312529759
        -0.2161042258        2.1735169369        0.0393455067
         1.1312062979        1.4101447560       -0.4031598419
         1.5591782605       -0.1048638333       -0.9228698700
         0.7141600755        1.9734341437        0.2606292816
         0.8639631306        1.0427516415        0.4776234538
        -0.6731628751        1.0629300864        1.2297385051
        -0.4567099860        2.3609298747       -0.8972807661
        -0.0812528573        1.4420134905       -1.1903501531
         0.6764762927        1.7060609498       -2.2673478338
        -0.9323996772       -0.0591936904       -1.3961584506
         1.2294349797       -0.5128251018       -0.0946554783
         0.1255243530        0.5810249377        0.9224094231
        -1.3708617825        2.4629630349       -1.1612530654
         0.1420222820        1.2503843179       -0.1707361755
         0.6334629942       -0.3260952199       -0.8454455013
        -1.5082637737        0.9880218373        0.7848303393
         0.2645531475        0.2142446423       -0.0277347857
        -0.6134494459        0.7703375709       -1.7568655968
        -0.3410407347       -0.4447889078       -0.7348655670
         1.2926386447        1.0123022917       -2.0285694903
         1.2673961656        0.4564759639       -0.2075745079
         0.2793613644       -0.7719837228       -0.0194067699
        -0.5926097890       -0.3054897755        0.1998144299
        -0.6789660150        2.4419827638       -1.8231378827
         0.9441584926        1.5958962726       -1.3578104354
         0.0341195791        1.5509727430        0.7807041448
         1.0219060784        0.1752092117       -1.6520232226
        -0.9129857806        1.7271701467        0.5460078960
        -0.4306894477        0.5433891426       -0.7470054356
        -0.7351334124        0.1319349842        1.0667618248
        -1.7928373021        1.7100602612        0.1818152077
        -1.6297804527        0.8423089720       -0.1752393081
         0.4788517999        2.1187501672       -0.6577792758
        -1.0526911179        1.6252093323       -1.4969639682
        -1.2288550609       -0.0081309582       -0.4901157491
         0.5829181983        0.6920825309       -0.9303692250
        -1.3503167330        0.7733661648       -1.1019124184
         0.8833587556       -0.8720809337        0.6900368267
         1.5451609139        0.8211513603       -1.1255180716
         0.9547875885        0.0618093696        0.6602150190
