         1.2139397767       -0.0474493407       -0.4942244650
         0.5394217037        1.5153546078       -1.2495879167
         1.3595323732        1.5656083153        0.2550714159
        -0.9628098055        0.3265968502       -1.1623914340
         1.4311561828        1.2393195381       -1.4341000200
         1.7829580553        0.6209838615        0.0412358930
        -0.3884168627       -0.8292206193        0.2764679213
         1.8724650375       -0.8051244587       -0.1793795077
         2.1597801937        0.9450995518       -0.8372767381
         0.4165960232        1.7395459450        0.4428960362
         1.0402759573        0.9817179195       -0.5843553606
        -0.3450985550       -0.4345021763        1.1756546458
        -0.6602569957       -0.2490392508       -0.4902953168
         0.3541166541       -1.0254456440        0.9275655714
         2.0002276368        1.5102795185        1.0084814084
        -0.6986790214        0.7302269972       -0.3626622468
         2.4204798398       -0.1600435853        0.3336651358
         2.4458319080        0.7070316644        0.7985776036
         0.3248313564        0.4289911029        1.9203078284
         1.9725891498        0.7977759669        1.6620295476
         0.4164568950       -0.5090682148        1.7716199608
         1.3992207547       -0.1967637152        0.5169989315
         1.0779861171        1.0580152999        1.8750134972
        -0.2339409232        0.9060474510       -1.2400799945
         0.7987552813        1.9612065868       -0.4484742024
         0.0773042501       -0.8006676231       -0.7275428385
         2.0185846817       -0.9171288918        0.7854144874
         1.6837661968       -0.6416584260       -1.1297348339
         1.0973933852        1.7228770165        1.1869062378
         0.3327338979        1.1403420214        1.2290335691
         1.3172106616        0.7623356038        0.9572452764
         1.2263153197        0.1088823444        1.7699978554
         0.4881227496       -0.4344527007        0.1076834369
         1.1704165571       -1.1911161626        0.4043997406
        -0.3839282583        0.5022909758        1.2771832002
         0.0483826715        1.3592227185       -0.3953668450
         2.2452181991       -0.0174490752       -0.6458023383
        -0.1527202644       -0.0820297563       -1.3750855501
         0.5484908917        0.7759352591        0.2781139955
         1.5928855893        0.2974043501       -1.3382761394
         0.7674071323       -0.3902808608       -1.2970583907
         2.7609764027        0.6288753158       -0.1280482927
         0.6628747510        0.5691025155       -1.4443068279
         0.5089133796        0.0768177325        1.0127031827
        -0.3349455448        0.1535698863        0.3649611369
         0.3054568782       -1.4019634197        0.0112136318
         0.2025029853        0.3036023565       -0.5602398771
         1.2262103836       -0.7563905307        1.3142784750
         1.0038598471       -1.0576735643       -0.5772134481
        -0.3376848837        1.1220489042        0.4950906667
         1.6990369957        1.7477779282       -0.6566909611
         2.3164614992        1.4336310593        0.0627111389
         2.0408046850       -0.0730325697        1.2592330589
