        -0.3728137672       -1.0361252241       -0.6269968916
        -1.3688732606       -2.2788958607       -0.0151816600
         0.9707749574       -0.1985660513        1.2687996905
        -0.7330699894        0.3867243298        2.0538525268
         0.9112917451       -2.5427313835        1.7120647182
        -0.4701572076        0.9191799467        1.2758050168
        -1.2885841494       -1.3778627292       -0.3805534622
         1.3892386196       -1.0732918391        1.0179640715
         0.9760789049       -1.3558115641        0.1717800093
         1.1719315682       -0.8845835274        1.9537002755
        -0.7993071857        0.0299955432        0.9780679502
         0.8869279540       -1.9489816665        0.9541946055
        -1.4485030584        0.6629516963        1.4821162624
        -0.1298551300       -1.9207727186        1.1467366230
        -0.5844847826       -2.9383535920        1.3243053497
         0.3793589295        0.5333232508        0.9854200788
        -0.2955530005       -0.0776965708       -0.3461650024
        -0.0144300767       -2.4847401570        1.9263834399
         0.8095835555       -0.0017673142        2.1971278958
         0.4411130402       -1.0773838785        1.3002102722
        -0.6796277175       -0.5953946740        2.2633473474
        -1.4098088773       -0.2656719170        1.7127446002
        -1.1951802505        0.2123067870       -0.0151273573
        -1.7480776409        0.0888220249        0.7713620754
        -1.5851517208       -0.8673267886        0.9603532883
        -0.5196869001       -2.6039694177        0.4334673538
        -0.8230924088       -0.7109630045        0.2496929876
        -0.3644335243       -1.5058295429        2.0638683279
         0.1178423105       -0.3565841549        0.5975188885
        -1.9122896373       -1.5500217192        0.3183503408
        -1.7904139564       -1.7964201562        1.2285763114
        -1.3106502005       -1.2341860361        1.8599949653
         0.2882485436       -0.8174126790        2.3650981523
        -0.9790109499       -1.6749480967        0.6371118332
        -1.1973651524        0.9152283765        0.6284566655
        -0.0010390965       -1.3192518817        0.3273695710
         0.5361380419        0.2836986380        0.0336574890
        -0.5916684853       -0.9577192277        1.2638547775
        -1.1477809125       -0.4700850854       -0.6787334996
        -0.9869025820       -2.1389944101        1.6583256154
         1.1126029034       -0.4115304379        0.3501887040
         0.4911323176       -0.6567452370       -0.3346347232
         1.4650196105       -1.7577287550        1.6902572248
        -0.3148908392        0.6358851664        0.3226121272
        -0.0283084098        0.0643524907        2.6154063389
         0.2046874726        0.7046139311        1.9338494554
         0.5958317456       -1.7176354821        2.0700475120
         0.3961811584       -1.6175897638       -0.5391530368
         0.3475521608       -2.2356701421        0.1886880548
        -1.3801232325       -2.5823596232        0.8830847482
        -0.0025106576       -0.1955175470        1.6152425190
         0.3073762492       -2.7873858591        1.0208128652
        -0.4869860745       -1.9614014929       -0.2962221266
        -1.7757133154       -0.6034319301        0.0369108380
