         1.8556670596       -0.1759983856        0.1260956664
        -0.3341310048       -0.0301760289        0.2520462421
        -1.6067982750        1.1666439310       -0.5265964920
         2.0442172433        0.7825360202        0.0932901937
        -0.3034888552       -1.3908924096        0.2705949102
         0.6030147440        0.2061330129       -0.0860701729
         0.1910132400       -0.7185731584       -0.3107841335
         0.5885495686        1.2373881011       -1.8542297839
         1.4079181649        0.8268844609       -1.5313836532
         2.0101629797       -0.5211250242       -0.9021985332
        -0.8626814422        0.9442186434       -1.1076423157
         0.5285180721        0.7174728801       -0.9746695757
         0.6930673278       -1.5415452612       -0.6322478615
        -0.6555751137       -0.8326283731       -1.2352558592
        -0.2669196246       -1.5194318840       -0.6640777202
        -0.3793353975        0.7981046990        0.8474876644
         2.4910271310        0.1931462402       -0.4823705047
         0.1029947738       -0.7439949963        0.8383845368
         0.2588750010       -1.1766027903       -1.4026504440
        -0.2701116986        0.0299610150       -0.8737472881
        -1.1305420094        0.2889922692       -0.3634929513
        -0.4632064232       -0.0808023960        1.2598119632
        -1.6527883332       -0.3866721784        0.1354068823
         2.2446179959        0.3409290618       -1.3649802072
         0.6553747234       -1.3330181082        0.2894203266
         1.4546932635        0.2470588962       -0.6758234116
         1.0078431779       -0.4664258431        0.5472755491
         0.9784568904        1.5801138628       -1.0680202353
        -0.0754914027       -0.3266830353       -1.8302971763
         0.3504496147        1.6714289228       -0.3336538619
         0.7072428107        0.2758687277       -1.9637150186
         0.6694345198       -0.2938557538       -1.1156889868
        -1.5170280659       -0.4470558440       -0.9228062706
         1.2804913256        0.4814535316        0.5672800777
         1.9944070910        1.0661506059       -0.8028543037
         1.2618372773       -1.0697827844       -1.2853759922
         0.4055204395        0.2048286101        0.9364563158
        -0.2227355422        0.8559464206       -0.2512835844
        -1.1017654233        1.1359592110        0.2780155019
         1.5290990284       -0.2009766583       -1.6793657851
         1.1795258761        1.1192208312       -0.2372126092
         0.7936425395       -0.6982766466       -2.0403968464
        -0.8957487222       -0.7205152483        0.6987254945
        -1.7352925196        0.4762353663       -1.1705162814
        -0.7159744056        1.6636570960       -0.4677386109
        -1.9144622082        0.5898187719        0.1813529624
        -0.9622254388        0.0457762308       -1.5569675878
         0.4845823095        1.0712464289        0.4595376962
        -0.0460026229        1.5048035299       -1.1817567781
        -0.2893706550        1.6531425245        0.3793132985
        -0.8456231304       -0.7753961081       -0.2785929843
        -0.1671526686        0.6436991256       -1.7194100078
        -2.2066315478        0.0334158449       -0.4979531791
         1.2334499471       -0.7694059514       -0.3542253700
        -1.2005808721        0.2297235308        0.7267860174
