        -0.0153093829        0.5093922588       -1.2453915392
         0.6970565833        0.1918089156        1.0331576923
        -0.8990186899        2.8348577181        0.3740295009
        -1.6362242428        0.0264278409       -1.1580615082
        -1.7312390261       -0.4481305486        0.7246684865
        -0.7973393393        0.1813474469       -0.6320154551
        -1.7131650854        1.4524279573        0.2448295651
         0.7752594898        0.8261491901       -0.7287495014
         0.2332198636       -0.2930985947        0.3288380406
        -1.6974185910        0.4720081266        0.4923232340
        -0.4419988098        2.9069528797       -0.4549818971
        -1.6715863903       -0.2345910989       -0.2159701215
        -0.5539841561        1.1580686387       -1.7718364591
         0.2505692212        1.4502877593       -1.2780563819
        -1.1459463246        1.8553048517       -1.5153269199
         0.9464384672        0.9962226539        1.5062560519
        -0.7925953776       -0.1226963198        0.3763043736
         0.1621087300        1.5885197671       -0.2875432721
        -1.0078988171       -0.8308321500        1.1560896110
        -0.4173107888        2.4746801565        1.1545555824
         1.0132125328        1.7633058106       -0.7655123162
        -0.3555930441        2.1683743646       -1.0763108472
        -0.3130036636       -0.4317268799       -1.2478251994
        -1.1233709474        0.1318837418        1.2687072086
         1.3488113989        1.2253280131       -0.0230898620
        -1.2407687720        1.1126765748        1.0738618372
         0.0102116521        0.5929742789       -0.1288217264
        -0.2746625350        0.6132750098        0.9206118946
        -0.2044592326       -0.3060512788        1.2353339167
         0.9261777928        2.0855842218        0.1556408310
        -1.6699746775        2.3906644613       -0.0015239774
         0.0275906719        2.4954909276        0.2932553865
        -1.1411555891       -0.7265121879       -0.8525222532
         0.4249072850        2.4872339261       -0.6023133929
         0.3887238070       -0.1342826785       -0.6377351659
        -1.2727683676        2.0927403940        0.8462294606
        -1.6720187460        0.7285331272       -0.4679872491
        -0.8028318315        1.7642752479        1.6391219829
        -0.3664438345        1.6105486108        0.7147895565
        -0.7984797071        1.9769527133       -0.1378290945
        -1.6237425116        1.6815776167       -0.6988371700
        -0.8889759746        0.9285065122        0.1338435202
         0.9699128234        0.3086739379        0.0660067943
         1.3472994579        1.6325253641        0.9017941585
         0.4859241666        2.0435850552        1.0401429919
         0.5595836664        1.1306110704        0.5822037640
         0.1728154258        0.4251969046        1.7871381071
         1.4887064639        0.7053713015        0.7783387611
         0.0750634219        1.3775053027        1.6084151716
        -0.6704090805        1.2108419104       -0.8211294066
        -1.2353801109        2.5557821453       -0.8368987997
        -1.4498967242        0.9530364086       -1.4038985353
        -0.6905708509        0.8120411253        1.8144376078
        -1.1647910270       -0.9914338798        0.1496280347
        -0.8578987763        0.2383874893       -1.6580706643
        -0.3339961597       -0.7545858916       -0.3409966603
        -0.3127745100       -1.0468401107        0.5869850570
