         1.4857957013        0.5633235156        1.4401702807
         2.3186011934        0.8089611316        0.9641994060
        -0.9137920960       -1.3277310523        0.2290728076
         2.3476091405       -0.7884864178        0.9479450803
        -0.1344914352       -0.5058968939        1.4774708084
         0.6247853388        0.9806311326        1.1485279374
        -0.0823833627       -0.7257498775       -1.1353609770
         2.6724102248        0.0199607542        0.5275056147
        -0.9849108087       -0.3906523214       -0.0199239377
         1.9274577674        0.6452860334       -0.9486344140
         2.7791040674       -0.7989403725       -1.0450655124
         2.1331800486        0.7273244963        0.0183223805
        -0.2009892025       -1.6846545465       -0.8562476271
        -0.0560483259       -0.1939906499        0.5320421911
         0.9405742629       -1.0189183602       -0.4699725056
         0.8392153891       -0.4347783868       -1.3171153211
         1.4157966818        0.0449536488       -0.3752589618
        -0.8205431682       -0.1592811062       -0.9587000218
        -0.0544777994       -0.9811592048       -0.1414279514
         1.4701982343        1.1364511312        0.6560921309
        -0.8943514687       -0.6041313361        0.9144471983
         2.4551538655       -0.0847893669       -0.4275057056
         0.9376261049        0.5215679845       -1.1084155592
         1.5052563917       -0.5264156260        1.4243689109
         1.5079898165       -1.7744103480       -0.0280844954
         2.3414540241       -1.4898975002       -0.5240360864
        -0.1849935286        0.4347988988        1.3069318192
         2.2447051524       -0.6467056404       -1.9134692146
         1.5054780104       -1.3269189933        0.8724689351
         2.8046932392       -0.8465489849        0.0597080457
         0.6543756058       -1.5634090996        0.4208344676
        -0.1839071834       -1.9177684360        0.0697276578
         0.6944808649       -0.0008361094        1.2794181385
         0.6336348031       -1.9528670170       -0.4848695764
         0.3188358340        0.9223432277       -0.4654889624
         2.2638415059       -1.4802761061       -1.4921438709
         0.6412276611        1.4511915917        0.2923270011
         2.5497876503        0.0618704085       -1.3831180382
         1.4669257146       -1.7106915413       -1.0024973819
         1.4086340615       -1.1005183387       -1.7750552424
         0.8910312546       -0.5874750636        0.4490130494
        -0.1278367977        0.9262215015        0.4875936855
        -0.4698298989        0.4020604416       -0.2700460234
         1.6884748918        0.0557827306        0.6310662632
         0.7669897773        0.4552628348        0.3348683196
         1.8262111497       -0.8080661069        0.0612581160
         0.4148651330       -0.1241379283       -0.4255794499
         1.2797585464        1.0615460319       -0.3350576211
         0.6036314422       -1.4097409507       -1.3275441922
         2.2873933118        0.0243539704        1.4628364066
         0.6673398055       -1.0130108706        1.2907291250
         1.8069206980       -0.6949833292       -0.9791928232
        -0.8709636466        0.3182976682        0.6530196173
        -0.0153508367        0.2846807041       -1.1644069736
        -0.1772874377       -1.2509132228        0.8450100588
        -0.9056034647       -1.0733957827       -0.7010201976
         1.6218842455        0.0395035950       -1.6371765425
         2.3416160433       -1.5976108283        0.4324226994
