         1.4179375075       -0.3160883262        0.7017039357
         1.9087842065        0.4459425168        0.2865250844
        -1.1545099497        0.5307421516        0.6825635241
        -0.7742158363       -0.9932304770        0.2053241341
        -0.7587726164        1.8487790413       -0.5138625999
        -0.4847529731        1.1920081175        0.9432864977
        -0.3786528847        0.2267253606        1.1969647186
         1.0716295443        1.9300746898       -0.5750103031
        -1.5755438963        0.8253173665       -1.1322941879
         0.3294459876        0.8671646248        1.4348029449
        -1.1906263228        1.4682954058        0.3201748061
        -1.6579549601        1.5603546380       -0.4906185776
         0.5542063924       -0.2882008036        0.2204381471
        -0.5292065403        1.0785740447       -1.1312701807
         0.3168367625        1.2366618950       -0.5199490041
         1.7694889948        1.2939455888       -0.1919427871
         1.7639520826        1.4198863331        0.7687232890
        -1.0666047637       -0.4130240569        0.9341501615
        -0.1302349161        1.7738607625        0.2387382951
        -1.3484890629        0.0352794960       -1.6427714379
         1.6067984343        2.1732854538        0.1872604114
         0.1584360503        0.2339839720       -0.5871140693
        -0.5707373832        0.9017949848       -0.1198061872
         1.2270665390        1.0703813516       -1.0162441801
        -0.1602260137       -0.7246165398        0.9333924181
         1.1840466884        0.6179166313        0.9071397496
        -1.7990740792       -0.0768889928       -0.8095029187
         1.0401582921        0.5572870004       -0.1537410963
         0.7649646988       -0.9824168764        0.9616878428
         0.5556799634       -0.0712801200        1.2046315401
        -0.4165887238        0.2832190632       -1.7562059324
        -1.1973175622       -0.8044536849       -0.6699222049
        -0.6748638603       -0.6028930995       -1.4457812340
         1.1512324153        2.2204282562        1.0003432587
        -1.4629481573       -0.2749897450        0.0820008595
         0.2992184295        1.7787052392        1.1092433770
         1.5661451189       -0.3208333248       -0.2545595061
         0.7502162566       -0.7468925575       -0.6492250629
        -0.2239728527       -0.7273306257       -0.5750068578
         0.1505334587        2.2200687893       -0.6125545499
        -0.8449536430        0.1340986308       -0.7824819124
         1.1683022735       -1.1090058935        0.1331198014
        -0.1442095196        1.2681073115       -2.0094427866
         0.2189470745        0.6638206973        0.4843436409
         0.6507695884        2.3870311253        0.1986943344
        -0.8602272637        1.8276644293       -2.1978918458
         1.0901208756        0.0750081166       -1.0452461089
        -1.0889634340        0.9531781746       -1.9749377597
        -1.5830159681        0.6680286381       -0.1682573777
         1.9073008960        0.4719166428       -0.6720382181
         1.1157594433        1.4112286593        1.4666455096
         0.8736441957        1.4509465475        0.3585753024
         0.4193927815        0.6926649498       -1.4378546591
         0.2507704475       -0.3247932016       -1.3756532198
        -0.4705601326       -0.0628218547        0.2025179837
         0.2077713012       -1.2005449993        0.1717769481
         0.5172804636        1.6711488670       -1.3704652237
        -0.3653880091        2.0504234031       -1.4299829727
        -1.2887400422        1.7339816963       -1.3673923251
