         0.6957633006       -1.5468774482       -0.7522096352
        -1.2409440047       -0.5162028881       -0.6874121806
        -1.6694480173       -1.2184579796       -0.2189093612
         0.9092277692        0.6603761788        1.4613568364
         1.1150431859        0.1124339934       -1.1037776803
         1.0167432372       -0.8415705049       -1.3541835684
        -1.0431672514       -1.4161973621       -0.9694883889
        -1.1842676961        1.2212998602        0.2047271483
        -0.9949171100        1.1278603230        1.1270443660
        -0.0516888596        0.9357452662        1.3112709246
         1.4725777865       -1.2204131136        1.0522939558
         0.1762957305        0.1842665212        1.9095241021
         0.5337445079       -1.4984619305        0.9896896483
         1.2455172859       -0.3491357537        0.4924200775
         1.9864873108       -0.9380560624        0.2093886672
         0.1524528494       -1.6697177488        0.0659162361
        -0.2807705617       -0.4150478948        1.1837270612
         1.0802790740       -1.3401149880        0.1549771293
         1.7350218992       -0.2311894362       -0.4343083320
         2.1541179579        0.0126419799        0.4201166611
         0.6562172623        1.2070017177        0.6689598858
         0.2644516070       -0.7358263638        0.4030076388
         1.6763222893        0.0532817053        1.3450243236
        -0.2304456996       -0.9028153742       -0.5747799235
         1.1865354988        1.0383388492       -0.8562246304
        -0.4634196957        0.9464791994       -0.3962690589
        -0.7674744301       -0.5739525647        0.2328911930
         0.4169291386        0.2308870572        0.7417177639
         0.4480084523       -0.6571333804        2.3260614040
         0.1207157337       -1.2440162843       -1.4568591541
        -1.2945786401       -0.2863610282        1.0999574565
         1.1127290308        0.0000422869        2.1466643566
        -0.9799622861       -1.0593257219        1.5731274695
         0.9088856149        0.4407166289       -0.1301618577
         2.2364787651       -0.6644267661        1.0854245025
         1.5773094000       -1.1505421632       -0.6585070388
         1.6363648481       -0.7489150837        1.8775244638
         0.7635121590       -0.5587196256       -0.4509599393
        -0.5951099403        0.4079310830        0.5948178703
         1.5034313597        0.7111834541        0.6454121699
         0.7552548576       -0.5246801036        1.3742988503
        -0.4355647016       -1.3806417902        0.8348045410
        -0.7645212392        0.3398795627        1.6267418039
         1.8727291418        0.6970007855       -0.2617317122
        -1.3975754113       -1.1808321565        0.6918469658
        -0.5027830345       -0.4689114333        2.1364876311
        -0.2807307720        1.3707475676        0.4651883365
        -0.6559462613       -0.6938257586       -1.4550880856
        -0.2257999753       -1.8629309936       -0.8083970629
         0.2985041399        0.6351169631       -0.9528660737
        -1.2078780142        0.3340047774       -0.2096709160
        -0.0442727572       -1.2469650583        1.7527435728
        -1.5924811505        0.5132663587        0.6731867939
        -0.0505092792        0.0499564300       -0.1935272103
         0.9173097976       -1.3625473226        1.8724326404
        -0.5928397294        0.1600953506       -0.9925555845
         0.4230248209        1.3274489843       -0.2726352908
        -1.7279428793       -0.3763001713        0.2228920534
         0.2254226602       -0.2841422937       -1.3053226780
         1.3314857216        1.4237881712       -0.0043608533
        -0.8191012038       -1.5948502093       -0.0486086185
