        -0.4184141675       -0.6300355424       -0.2295618195
         0.0363857944        0.8532479488        0.5888321209
        -0.9805197017       -0.0260647628        1.2930807685
        -1.7722925347        0.1727501846        0.7581315442
        -0.5178159869        2.5538632122        0.8029194110
        -1.1164801309        0.0332479031       -0.4293368817
        -1.3967515093        2.0658628513        0.8743536445
        -1.7013350923        1.2020890713       -0.8915195334
        -0.9156761607        2.9738175915       -0.7704527826
         0.6675670712        2.9331797402       -0.1911031110
        -1.7087222002        1.1388018621        0.8028777386
         0.3414088855        3.0154065557        0.7044065282
        -1.1658664982        2.5380532644        0.0471496925
        -1.1103998853        0.5386962014       -1.2461790979
        -1.1327793707       -0.4336880535        0.4144820681
         1.8815785287        0.6596345816       -0.0438433486
         0.5671820587        0.2208089466       -1.0728217855
         0.8718817064        1.3994632561        0.4899767809
         0.7153146328        2.0942614340       -0.6871343874
        -1.4232779054        2.1534914946       -0.8708619254
         0.1901773675        1.2905338175       -0.3482966205
        -0.4085125503       -0.1254398019       -1.0952752185
        -0.1078561313        0.3043536767       -0.2689519512
         0.2241960583        2.1504133693        0.2232239566
        -0.0094288104        1.1317366092        2.0475659722
         1.8512273203        1.5202179502        0.4321220288
        -0.7907692752        0.5080230579        2.0951228260
        -0.2844912939        3.0179849051       -0.0462808134
        -0.1067712413        2.0385165406        2.2977392354
         0.7263802060        0.9572418804        1.4118100066
        -0.7858894034        1.1224380735        1.3205033590
         0.5471822399       -0.4458415943        0.0798992079
         0.3288868328       -0.6598197277       -0.8150156083
         0.0421670841        1.7060531141        1.1637878550
         1.4656918894        1.5691937756        1.2945622794
        -1.6130510592        0.6171915805        1.6213707745
         1.4764463640        0.5638928048       -0.9030918525
        -0.1800936844        0.8442212658       -1.1994968224
        -0.9179177558        1.4874385385       -1.3808185241
        -0.5053813545        2.0423869216       -0.5178152766
        -0.9122882626        0.5554503309        0.4565027163
         1.3941821443        1.4178145608       -0.4163604434
         0.0355610978        2.7586688239       -0.9347586069
         0.7025554133        0.1477587381        0.8474568088
        -0.6619923068        1.6112893821        0.4135544249
        -0.8333319568        1.0528192197       -0.4384665182
        -0.8895025234        1.4290820081        2.3017140010
         1.4656189365       -0.1230441706        0.3123836761
         0.1335796656        2.5951213979        1.5626965980
        -1.5983307477        1.5698586095        1.6831396537
         1.2635296296        2.2439852867        0.1198085905
        -1.7480015149        0.6856189803       -0.0804046576
         1.5240866922        0.6991994398        0.8462595545
        -0.0806542271        0.3534381514        1.4518938320
         0.0361061261        1.8079116835       -1.3258523032
         0.8749629464        0.5482762348       -0.1095397266
        -1.5737329119        1.6561276158       -0.0373079291
        -0.2246267064       -0.1923296716        0.6421194691
         0.9024094296        2.3028456854        1.0210791562
        -0.6898250222        2.4163633851       -1.4800277110
         0.7172470351        1.8403435877        1.8689929439
         1.2243392482       -0.2977997777       -0.5887391500
        -0.7897496949        2.1339347878        1.6472076898
         0.7665294340        1.1836523416       -1.1326681463
