        -0.6388240568       -1.4805848601        3.0411495137
         0.4641321828       -1.9470479275        1.8880493237
         0.2264575885        0.7141350781        2.0622737554
         0.0045410652       -0.8506961382        2.7202063669
         1.5294762231       -0.2872628920        0.3027528322
        -0.4741105469       -1.7535248585       -0.5562627527
        -0.5901304527       -0.1250797844        0.0239363665
        -1.2077738574        0.3616479948        2.8375444325
         1.1562240438       -1.3983368899        1.4556987001
        -0.8561552990        0.3855336559        1.7919168210
        -1.5812009718       -1.5963560240        0.7202310763
        -1.2665587795       -1.9115668995        1.6132860808
        -0.5538210735        0.6112760542        0.8115512296
         0.0527719378       -0.8011246116        0.5888879425
        -0.6091620133        1.0549309271        2.4905824720
        -1.2648988022        1.5246463340        1.9110894979
        -1.7548837090       -1.2582119290       -0.2003933005
        -1.4607106744        0.9570300778        1.1496541716
         0.5892120728       -0.2288828659        2.2160753847
        -1.5147131589       -0.9600891292        1.4852299053
         0.5955412956        1.1028944651        0.1579889721
        -0.9988048986        1.7774406691        0.9994074757
        -0.7302143011       -0.1449570131       -0.9528659564
         0.3172219597       -1.4957122191       -0.0487201962
         0.3671011800       -1.7146046160        0.9306996481
        -0.2723638616        0.8561637024       -0.1711545855
         0.1582732831        0.1096927146       -0.6120433585
        -0.6230109943       -1.3614145298        1.1114842148
        -1.6826258678       -0.6357571429        0.5444767823
        -0.8314819567       -1.1250208419        0.1393328505
         0.8685740728       -1.1915786414        2.3657649131
        -0.3699802617       -2.0639973270        0.3686767637
         1.0534800942        0.3860538085        1.6367778074
        -0.1970845781        1.5051578403        0.5672076083
        -1.4872544078        1.2499642603        2.7658492680
         1.2374038658        0.5748641048        0.6656880005
         0.2333325204       -0.9903430829        1.6291098262
        -1.5028611557       -0.3333654173       -0.3823054511
        -1.7515556739        0.6746542008        2.0745013549
         0.0268278114        0.0027524022        1.4210240811
         0.7129581661       -0.5737505117       -0.1612624330
        -1.1377689110        0.5671158247       -0.4833684190
         1.0211436415        0.3500809150       -0.2522241901
        -1.6890836241        0.0112371268        1.3225265699
        -1.0674105711       -1.0613594081       -0.8371602263
         0.2339908414       -1.7704351067        2.7930714739
         0.8920621515       -0.4176062609        1.0520344772
        -1.5681861118       -0.3064141250        2.2357326452
         1.4407192250       -0.5491513265        1.8596464841
        -1.1220657456       -2.4233057496        0.8344028868
         1.0947972612       -1.2060805001        0.4732497997
        -1.3209874129       -1.2699352839        2.3933864665
         0.4170559267        0.9310118408        1.1076936877
        -0.3864006747        1.3006269078        1.5514514759
        -1.2378153557       -2.0420736124       -0.0692807635
         1.8290723144        0.0314675616        1.1927037542
        -1.0923669356        1.2251265752        0.2369870797
        -0.3447405541       -2.2693866841        1.3470817998
        -0.4485573049       -1.6461486052        2.1088058774
         1.8270462758       -0.8807744902        1.0070906452
        -1.4542449022        0.3086791370        0.3962599280
         0.3123431048        0.1806663275        0.4137907333
        -0.6611100564       -0.6237421715        1.9597069824
        -0.8254668200       -0.3657116740        0.9847895077
        -0.9357660002       -0.5832749430        2.9436318772
        -0.2952575668        0.0977163844        2.5857711407
        -0.1428669654       -0.8317598354       -0.6056275764
