        -0.5280339235        1.7020158219        0.5759793204
         1.0978424873       -0.5631234445       -0.3703148976
         0.7493065011        1.3279896168        1.4789327257
        -0.9068461713       -0.5331454785        0.1511988041
         0.4317399467       -0.8567515774       -1.0594993122
        -0.1737056756       -0.1752856561        0.8845669743
        -0.4759132262        0.4657726297        1.6153506548
        -0.5229801170        0.8237443696       -0.8454465998
         0.6463493808        0.3084820795       -0.0751145309
         1.2747813591       -1.9936888532        1.6629976056
         0.1482606692       -2.1079562431        0.3678401104
         0.9289122041        0.0569538179       -1.1342519168
        -1.3696233358        0.3242917404        0.1453500639
        -0.3819052674        0.3551868237        0.0219217029
         1.9651352901       -1.0456094478       -0.5483157263
         1.3027914935       -0.3020810919        1.8256363930
        -0.0445028713        1.3576459458       -0.1735030210
         1.3646767548       -0.7844958310       -1.3148260557
        -0.2227040288        1.4076686048        1.4282114142
         0.1688234137       -1.5842292625       -0.4851205581
         2.5429366676        0.4315745674        0.4809943955
         0.4602372264        0.8665290118       -0.8436491376
         2.4887219536       -1.2775597785        0.2423657708
        -0.6630548668       -0.4855129469        1.7832766753
        -0.5722952985       -1.4490530790        0.1154877106
        -0.3697847641       -1.4412029799        1.7497543320
         1.7203864194       -1.8164092015        0.0064127497
         1.6699854417        0.1397110933        0.0988653834
         2.0406615812        1.0244309170        1.0796110964
         0.8823295981       -2.2564378919       -0.2142791142
         2.3892085070        0.5714744185       -0.4481783160
         1.3605896915        1.6396033483        0.7904792814
         1.0704826231       -1.1658711949        1.2215371900
         0.4143818863        1.7834989635        0.6826522498
        -0.9793317625       -0.0066667462       -0.6709912231
        -0.5772422361       -1.9300746761        0.9577332100
        -0.0203299246        0.0136172615        2.3819539529
        -0.8963605213        0.8551172333        0.8233958959
         0.1824715978        0.9446067178        2.1691893010
         0.8550575048       -1.3524624889        0.2181034042
        -0.0234874610       -0.0120336068       -0.8825646934
         1.1026399781       -2.1808308104        0.7293396083
         0.8781400320        0.3386350201        2.4400690399
         1.6951565362       -0.7973629216        0.4905033461
         0.9176370534        1.2878572345       -0.0154720467
         2.6211201226       -0.5110979453        0.7885539758
         1.8893500748       -0.1084918413       -0.8940314379
         1.1254067315       -1.5315172347       -0.7756794468
         0.0696737143       -1.1696618327        0.8329147506
        -0.9021005876       -1.0231991277        1.0085177327
         0.5318163046        0.3107076006        1.4965761611
         0.7525818847       -0.6245933560        2.5761834140
         1.8944895896        1.1432095468        0.1411082683
        -1.1270452855       -0.0698423139        1.0138915602
        -0.5005004642       -0.8696478204       -0.6968480928
         0.3548398484       -1.9955565888        1.3361562057
        -0.9965327884        1.1637248810       -0.0957046216
         1.9066377832       -1.6825317624        0.9503014023
         1.9017649121        0.0512659272        1.1246788904
         1.4420499134        0.6933534235        1.7509721925
         0.3196893689       -0.6568569628        1.6790692433
         0.7890697989       -0.3386781973        0.6727569110
         1.4473886304       -1.2035068295        2.1621305199
         1.4258652338        0.7467849390       -0.6613127919
         1.1487403932        0.6746441074        0.7746116531
         0.1368118604        0.8540690720        0.7166519341
         2.0283677777       -0.8853005496        1.4561984537
         0.1279217645       -0.6054647695       -0.0266840085
        -0.1490174035       -0.9258784063        2.5222178770
         2.5208963449       -0.3550869592       -0.1430910354
         0.5507923169       -1.5172927470        2.1624521787
