        -0.1009205719        1.2460586875       -1.0055299129
        -0.9870753084        2.5493127591        0.1251971469
         0.2165060983        2.0879500976        1.3064607735
         0.8106651140        0.5050819760        1.5356059020
        -1.4581632364        0.0101460676       -0.4887271884
        -1.9407322682        2.3763801119        0.1927074089
        -2.4498680766        0.8664165050        0.7836482251
        -2.2324257540        1.8431757574        0.9235434960
         1.1067118426        1.3033016064        0.0640072350
        -0.2046872068        2.0267673203        2.1756439172
         0.6007629343       -0.4330139698        1.3773602235
         0.2625011139       -0.3944393549       -0.0935254659
        -0.6029019208        0.8545241497        0.8140826871
         1.2623155326        0.5681126132        0.6919918116
        -1.1636382446        0.1407688837        1.2294101291
        -0.3768628929       -0.4819925835        0.8633488818
        -1.5958425470        1.0764973687        1.2626033423
        -1.7743616288       -0.5110160467        1.5975962823
        -0.1716220261        0.2289094791        1.5816328187
        -1.2374630017       -1.5373719475        0.3586108429
        -0.0931881582       -1.0899146386        1.5754686879
        -1.9892322984       -1.0420296631        0.7762195740
        -0.3725913290       -1.5706943097        0.8093818178
        -1.0173474031        1.4375282085       -1.1804149732
        -2.0601760241       -1.4517305712       -0.0674023415
        -0.8602509283        0.8722545403        1.9353814409
        -0.5037004714        2.0548779823       -0.5712445189
        -0.7998713224       -0.4992633276        1.9370463325
        -0.4624240074       -1.0398015434        0.0112156205
        -1.8245004566        1.0759935707        2.2888446350
        -0.7363907250        1.7102636435        1.3711749707
        -0.0228421198        2.6065555187        0.0768295943
         0.5830357375        1.2506204669        0.8970584722
        -2.1236368529       -0.0555160127        0.7832297617
        -1.0619911331        1.7229650405        2.4512869586
        -1.3454032474       -0.9785032495       -0.4543668881
         0.3743426179        0.4804965842        2.3892240392
        -1.1296139512        0.8494639651        2.9009988655
        -0.5093325717        0.1806628944        2.6107414098
         0.2991078979        0.2753562898        0.6819004328
        -0.7907157726        0.5148774598       -1.0028688148
        -1.4856163579        1.9168632228       -0.5038750313
        -0.4962043109        2.6133009144        0.9606987994
        -2.1746139390       -0.5349244690       -0.0799468023
        -1.4615732923        0.1450454899        2.2686903492
        -2.1550256807        1.4045677552        0.0304237369
        -0.5718052287       -0.3923601640       -0.7009169689
        -0.2604526245        1.1684038895        2.6771450708
         1.0457143409       -0.3490405676        0.5147102958
        -1.6831448650        0.9420688588       -0.6818326790
         0.9519422024        0.3248464444       -0.1822747317
        -1.2709066756       -0.4778708595        0.3958079750
         0.1292201069        0.3020086031       -0.7718819594
        -2.4993382071        1.2913006096        1.6521968608
        -2.1853125475        0.3772730050        1.6627019239
        -0.9501753047        2.5150558280        1.8492933422
        -0.2586507197        1.7574021130        0.4580438159
         0.8073512544        1.0405837437       -0.8012309767
         0.4403325539        1.8711988787       -0.4201882635
         0.6911055800        2.1151549375        0.4634650961
        -0.5524455663        0.2010751092        0.0612034123
         0.1256391031        1.2054892597        1.7713061273
        -2.2949229763        0.4369404214       -0.0927206762
        -1.7327301995        1.9336099745        1.7778686833
        -1.1006931717       -1.1027793403        1.2311751563
        -1.2971435987        1.6667003549        0.4927900827
         0.1441229220       -0.4380003331        2.2379723503
        -1.4587683357        2.5027709525        1.0267703890
        -1.4626428594        0.6168575561        0.3520067977
        -0.8116630240        1.1538721500       -0.2362427833
         0.1686111009        0.9737720732       -0.0311400250
         0.3946604232       -1.0417787824        0.6430164812
