         0.4631075261       -0.4891334766        0.0437537572
         1.5272227304        1.0033128926        0.6051883909
         1.4832734017       -0.2533148513        3.1776304026
         0.9990084016       -1.9678055617        0.4227872965
         0.2559288292       -2.5574753179        0.6969120405
         2.1825580516       -0.4245762717        0.0522505480
        -1.3964681269       -0.7211922036        0.6043863087
         0.7007913790       -1.1257373184        0.8213083229
         0.1089325940        1.3974464382        1.8523188865
        -0.1734699356       -1.0610553949       -0.4710201213
        -0.8594739126        0.4895199378       -0.4543750930
        -0.1330453294       -1.0612996105        2.6492775456
        -1.7864840283       -0.0079478187        1.1297688904
         0.6366187564       -0.6891933900        3.1687732533
         1.6199308801       -1.2282138870        0.2211259263
        -0.0836523535        0.6611294431        1.1739578033
         0.5382481246       -0.4213901322        2.2121244763
         0.6769207217        0.4497711660        0.5051709018
        -1.4127709595       -0.7302068965        1.6462357780
        -0.0106255037       -1.7507022965        1.2189542462
         2.1711549496       -0.7749707238        0.9404939298
        -0.1140644982       -1.9697787463        2.2639354574
        -0.9141174751       -1.4361603962        2.1050366232
        -1.3551934170        0.2207488533        1.9492494087
         2.1089878070       -1.0983551163        1.8740900996
         1.3703202540       -0.9822669731        2.5465744277
         0.5716041427       -0.6632450886       -0.9437445576
        -0.1493157456       -0.0848740120       -0.7118552027
         1.3229464415       -0.3412122382        0.5762194559
         0.3728385265       -0.2658013564        1.1857692667
         1.5657095896       -1.5333724890        1.1555288328
         0.2000823588        1.3539811391        0.4773999316
         0.0582683555       -1.7496444306        0.1816964328
         0.0356127522        0.8472627992       -0.3352512576
         0.6628482049       -1.3863485552        1.8697097849
        -0.9020432484       -0.4909753463       -0.1929185586
         1.6191603602        0.3706367716       -0.0978203499
         2.1798883041       -0.4468995736        2.5650831778
        -0.1585620060       -0.1275576234        2.9890600105
        -0.7869041713       -0.1417634175        1.1429137000
         0.6562663158       -1.6077509972        2.8170728924
        -1.0016822797       -1.4550910726        1.1137319497
         1.4486758376        0.1034379732        2.2925658907
         0.6133431902        0.5725348131        1.9638405154
        -0.8810851807       -1.4308887197        0.1279588606
        -0.3059235381        0.1114400589        2.0085169585
        -0.6483340661       -2.2441536024        0.6496713733
         0.7950430421        1.1969296242        1.2036480101
        -0.2843083528       -0.8656236534        0.6279969510
        -0.0418738037        0.8305759219        2.6538441125
        -0.7566635594        1.0308626935        1.9912884932
         0.8153098548       -1.3493759745       -0.3129596383
        -0.2947495326        0.1403785216        0.2981935977
        -1.1738259885        0.7904366088        1.1443347606
         1.2881802591       -0.6297913538        1.5526943569
         1.3842639205       -0.5405284161       -0.4596094716
         0.9250807094       -2.2585504141        1.3501945820
         1.3446733683        0.3693029625        1.3207674863
        -0.9338247615       -0.5185419042        2.4666936429
        -0.8984237118        0.4316084050        2.7614185942
         0.7757251521        0.2486691078       -0.5699440183
         2.1309161053        0.2267718244        0.7432670859
         1.4972508633       -1.8414551062        2.0775785990
        -0.7706372589       -2.2721993122        1.5995918558
         0.9464837421        1.1100723749       -0.1389015115
        -1.3341074300        0.2443718418        0.3299554974
        -0.5192399505        1.5173874000        1.1499382447
        -0.7111597159        1.0547859830        0.3214005033
         0.0867864362       -2.6787250507        1.6230204692
        -0.2583393069       -0.8592011875        1.6646908596
         0.7518498108       -2.3839590256        2.2862033886
         0.7161984992        0.2679226645        2.9373091950
         2.1700482044       -0.1360926542        1.6589104749
