         0.5235858264       -1.4516543497        0.7879626994
         1.3049994958       -0.8706412879        0.7596210785
         0.7371514797       -0.9251924376        1.5958660886
         0.6296335103        0.5638622245        0.1637566888
        -0.2888897726        0.8986710480       -0.1221638534
        -1.0324594687        0.4773143325        0.4320486876
        -0.8352721591        2.3468996586        1.0837940699
         0.2346769934       -0.8048421731        2.4663648784
        -0.7550480242        1.4887126947        0.5670253752
        -1.0040457534       -1.2783718539        1.3398604334
        -1.2448072780        1.8333910082        1.8121988813
        -1.8506166001        0.4032760040       -0.0781745316
         0.4573903193        0.8411718805        1.9397112479
        -0.1854630669       -0.0731492401        0.2378997405
         1.2741863840        1.6483196277        0.6954374402
         1.0522083087        1.4254483637       -0.2015000503
         1.3356947292        0.5519374539       -0.5613289761
         0.2830326802        1.4236500232        0.6075040984
        -0.3904191689        2.2949256329        1.9417897104
        -1.9040637945        0.3587782227        1.6754404393
        -2.0834786795        1.3062154000        1.6342641441
         0.5675998118       -0.0773976518       -0.5977753900
        -1.0044218373       -0.6483346927        0.4930279617
         1.3353273312       -0.1646873019        0.0676493225
        -1.1422969170        0.8115101235       -0.6314663370
         1.6724879363       -0.6675581691        1.6132874989
         0.0278214076        0.8807223457        2.8264636409
        -0.2311123959       -0.6557385247       -0.5448519543
        -1.5995302811        1.3446567767        0.0429926386
        -1.2800124761        0.0361861031        2.3484401581
        -1.8733892358       -0.5802084032       -0.0545398518
         0.1355738921        2.3125800824        1.0937845405
        -0.8277947057        1.7494973640       -0.4410283550
        -0.2985385950        0.2600770089       -0.8847413272
         0.6419297526       -0.1387765127        0.9021166676
        -0.3498752020       -0.0610878413        2.7548851494
        -0.8904758851        0.6887934532        2.9885383501
         0.5924473977        0.0974918539        2.6336546539
        -1.0952431866       -1.1357703408       -0.3629384831
        -0.6602394720        1.5307227451        2.5291812214
        -1.8100893348       -0.0890246187        0.8031437478
         0.9855925967        0.8087001500        1.0974362804
         0.6681545360        2.2298487869        0.2537806396
        -0.2682256513        1.4575391603        1.4865444823
        -1.4959116326        1.0055781602        2.3213676563
        -0.2645911115       -1.3238305832        0.1607208452
        -0.6862075823       -0.6910735441        2.0649397736
         0.1630457186        1.7468418927       -0.4327733970
        -0.5459270744        0.6361309267        2.0383138277
        -1.8950437722       -1.5038243687       -0.0325120720
        -0.3809581062        1.2015513050       -1.0805871232
        -0.3095304888       -1.8463809498        0.9749914910
        -1.8306474697       -1.0905606353        0.8097423804
        -0.1007320428       -1.4132737773        1.7835043510
        -1.1275336064       -1.6953781292        0.4561889643
         0.0990415455       -0.1054019570        1.7678099960
        -1.6007672148       -0.5715376594        1.6392092656
        -1.1919743144        0.9541890213        1.3179010769
        -0.1551557163       -0.7845693417        1.0308665879
        -0.8567789472       -0.0318794715        1.3083847592
         1.6427295530        0.0329247379        0.9588673578
        -0.1268851867        0.5617582345        0.9966912762
         0.5463927512       -0.7668488522        0.0994266074
         1.1696231134       -0.6366440676        2.4151592784
         0.2508509414        1.7112301577        2.3272553236
         1.5970474329        0.7842526569        0.3241648004
        -1.6842160275        1.8021466896        0.9246270954
        -2.0251299387        0.8657831375        0.7763053858
        -1.2658609661        2.2792122542        0.2162118750
        -1.0574908726       -0.1352913481       -0.3969551053
         1.1326554389        0.0965914050        1.8044998147
         0.7357663849        1.6933527068        1.4940462068
        -0.2955787797        2.3137214800        0.2231952176
         0.4827144251        0.8839402084       -0.8337633669
