         0.5991741281       -0.9614652019       -0.1729851852
        -2.4404356684        0.9155808357        1.1035159744
        -2.4486213243        1.0584943896        0.1231839369
        -0.4637020240        2.5154568350        0.9102009466
        -0.5132623092        1.7923365857       -1.2869580084
        -0.9683836986       -0.2177282045        2.4824794266
         0.2600857056       -0.0543192571       -1.5572527307
        -0.1807600315       -0.7502613883        2.0389184777
         0.8999986756       -0.3984872059       -0.9311175405
        -1.5683966796        0.1592032365       -0.8793967687
        -0.6722637334        0.0349206561       -1.2610146289
         0.2500416279        0.7854739444        0.2928390961
        -0.4159346132       -1.5963156447        1.6107809924
         1.2018281268        0.8699184244        0.1026762875
        -1.0493862269        0.9622546510       -1.1292978201
        -2.3719667571        0.0530230955        1.5003524679
         0.6720504978        1.7292372400        0.1233129379
         0.9574026986        1.2845679479        0.9585118976
        -1.2862449987       -1.1187703272        0.2891802597
        -1.0038026752       -0.5383595909       -0.4929866256
         0.2923804343        2.1512890518       -0.7007286378
        -0.9653790040        1.5727892958        2.1768472341
        -2.4253572961        0.2821141006       -0.4454021601
         0.0219663411       -0.2081775323        0.1590159256
         0.3546262916        0.3803276375       -0.6584976314
        -1.5802254417        0.4154295326        1.0617093437
        -0.9329601907       -0.2749801857        1.5122551950
        -0.0521162813       -0.5740344570       -0.7996000030
        -0.0763104775        1.2068833443        2.2475684558
         0.2997824679       -1.5263131938        0.5843229952
        -1.9387586886        1.8582483743       -0.1631303123
        -1.9537890877        1.0834868639       -0.7365849238
         0.6416415162        0.6912423049        1.7557534402
        -0.2121572524        2.0549463532        1.7505565367
        -1.1940427214        2.2006681478        0.3551981436
        -1.4018569254        1.8758913638       -0.9490045205
        -0.8655648971        0.7241973428        2.5964921919
        -0.6312993467       -1.7292610768        0.6933380127
        -0.7167410554        0.7558759322        0.5839091389
         0.5878468618       -0.2837725584        1.6528711757
        -0.1313409704        0.2196382580        2.1517353318
        -1.5947242239        0.5095393257        0.0528394363
        -2.4512552492        0.1487315912        0.5194297864
         1.0296358001       -0.0920620495       -0.0124585021
         0.4211556841        2.1416386171        0.9915537454
         0.1045449346        2.5470656113        0.1471352033
         0.4591902713       -1.2433956745        1.4868374234
        -0.1082128113        1.2747472555       -0.5700871248
         0.7254229440       -0.6636880081        0.7556255447
         0.8149503931        0.7165577503       -1.4969875238
        -1.8527776950       -0.5473443306        0.8991245732
         0.6634070016        1.6583066733        1.8021503244
        -0.9606474788        1.7283778633        1.2110643061
        -1.0470687664       -1.1221894814        2.1878245732
        -1.7080367041        1.3953801275        0.6672233519
        -1.7740264418       -0.5766806701        1.8962500556
         0.4033694764        1.6032316630       -1.4742773145
        -0.3563291374       -1.1456604151       -0.0315159568
        -0.0042403261        1.2181761557        1.2101618155
        -0.6390491895        0.3893413581       -0.3541116225
         0.9136862654        1.3062391859       -0.7243662537
        -1.8841578627       -0.4341224079       -0.0821552244
        -1.0833100740        1.3491498457       -0.1929147088
        -0.3107421727        1.6933658852        0.3692476134
        -1.7102895270        1.2306234274        1.6586306824
        -0.9613266838       -0.2162286492        0.4595824633
        -0.0722358665        0.1799039370        1.1065331823
        -0.8076575404        0.7596455722        1.6238716659
         1.3505753241        0.4315461461       -0.7637533212
         0.9028170016        0.3111308780        0.8943732936
        -1.2498245606       -1.2265808874        1.2610091232
        -0.2877207399       -0.8266635532        0.9633158367
        -1.6391435031        0.3659508060        2.0903014646
        -0.1553782642        0.8299196859       -1.5022756070
        -0.6380964607        2.2469511103       -0.4371665487
