        -0.9420239774       -1.2959996076       -0.3182768268
        -0.4588683171        0.0506762245       -1.2766492539
        -0.6970123775       -1.2898687273       -1.2651195116
         1.1566229176        0.5410170509       -1.6357640580
         1.4498887508        1.1947983953        0.5121298290
         0.5616353222       -2.0914723160        0.0653474969
         0.5347787737       -0.1109649119       -1.1098310972
         0.1963340600        0.6236623794       -1.6870640053
         1.3886587814       -0.4309748139       -1.5451198274
         1.3326905005       -0.7057733134        2.1706289723
         0.7010192584        1.2853693385       -1.1723802077
        -0.1490586298       -0.2073612197        1.4868427269
        -0.1565701734       -0.7122959232       -0.6712170774
         1.6738476174        1.1642074022       -1.1204852975
         1.2209385261        1.5697521035       -0.3878829808
        -0.6660393290        0.1427823112       -0.2958168916
         2.2610313378        0.1395796353        1.5814053150
         0.7887358134        1.9232997952        0.3785402964
         0.5380622734       -0.5459980324        0.8032994727
         0.7809468259        0.8733961063        1.9904931467
         1.4601869822       -1.4991781937       -0.4116290813
         1.3835399095       -1.8842603154        0.5657472752
         0.5159048919       -1.5410452722        0.9050420359
        -0.8803256688        1.1933913324        0.8989763870
         0.5149907314        0.9251525479        0.2548344224
        -0.0831376142       -1.7210676404       -0.6236771048
         1.6795899317       -2.2544037897       -1.1023657391
        -1.3288821569       -0.4845677954        0.0877845736
         1.4582337023       -0.8713587908        0.4398639122
         0.1232964135       -1.6844511989       -1.5932015433
         1.2803575627        0.1678101698        0.3543449969
         1.5609122160        0.8151357969        1.4171491891
        -0.3274516751       -1.1236830627        1.1970291916
        -0.0848416979        0.9895695474        1.4434701648
         1.8937787108        0.2331076276       -1.0152070835
         0.7420679765       -2.1744717033       -0.8898771256
        -0.3628061173       -0.6436441694        0.3251157097
         1.0102199711       -1.9799770875       -1.7787513372
         2.3520776823       -1.6542160753       -0.8071993790
        -0.5158481915        1.0841486659        0.0175254086
        -0.2548036823        0.3546072913        0.6548508845
        -0.8749252055        0.4426779975        1.4549778091
         0.6524166291        0.4076916123        1.1448692190
         0.2365589833        1.6228144933       -0.3473251523
        -0.0451438241       -0.7266223614       -1.7066152492
         1.4109344687       -0.2564669871        1.2909619591
         2.3245010045       -0.4510355037        0.8012114027
         0.4956263474       -0.9433798008        1.7112059385
         2.1460597442       -0.8100523901        1.6775099978
         2.1167644529       -0.7176384379       -0.9038719877
        -1.1127271208       -0.5209669429       -0.8702952473
        -1.0309966282       -0.4026676536        1.0435629147
         0.3867528240       -0.0526363364       -0.0713460434
         1.3551688867       -1.2907463871        1.3838424072
         2.3476725132       -1.0667556719       -0.0142423358
         2.1408923322        0.5076304809        0.6853409823
         0.7592893166        1.4181804058        1.2023122197
        -0.0602147693        1.6289350617        0.6769311143
         2.1832319939       -1.4131932767        0.8811468608
         1.5190448054        0.2373427846        2.1814684968
         0.8126858528       -1.0793796091       -2.0240959993
         1.4093097316       -2.4734357895       -0.2204124630
        -1.1099189419       -1.2600972965        0.6310384588
         1.6649461108       -1.3667868037       -1.4735807324
        -1.2108923702        0.3894847736        0.5010168293
         0.5574312642       -1.1137430541       -0.0285569815
         0.6196533105       -0.1349880977       -2.0934874455
        -0.2793038984       -1.6571265738        0.3441816358
         0.6188194626       -0.0566766970        2.0734165073
         0.0347263266        0.7241802388       -0.7130793269
         1.0626789870        0.5773342337       -0.5581013975
         1.2613569431       -0.4637729562       -0.4687271692
         2.1950193470       -2.0111200272        0.0618627087
         1.9599474415        0.8592864517       -0.2400604360
         2.1317140438       -0.0963967797       -0.1102652206
         0.7419182522       -1.1552699493       -1.0512638571
