         0.9624254388        0.0922070433       -0.7726679081
         0.6479480427       -0.8069004226       -0.9202579068
         0.0195029547       -0.1974546220       -0.5168900087
         1.6160818551        0.7584143421        2.3914914390
         1.2008770606       -1.2280576639        0.6411596020
         1.1496177690        2.3124867663        0.4409168618
         3.0284554346        0.5885170396        1.0344354541
         0.8068387841       -1.3977338274        2.3417835414
         2.5078840174       -0.5622863581       -0.2999662650
        -0.2440590514        1.3231096826        0.2132537291
         1.1638275593        0.4599132147        0.2802317330
        -1.1091569954       -0.8499695733        0.9547132367
         1.6012876663       -0.8356019468        2.5617146193
        -0.5454293576       -0.5275368649        0.2249190494
        -0.8738046695        1.3483490857        1.8036958152
         2.1489837210        0.5680677015        0.6017503390
         1.3720441282        0.6721277626        1.2881471955
         0.8057517904       -0.4866485806        0.0241606049
         0.6831175159       -0.5332240618        2.7619916085
         2.1893585290       -0.0705134058        2.3534074665
         1.2151662744       -0.0693729090        2.0060162680
         1.9621286219       -1.3266887194       -0.0095873152
        -0.5176173521       -1.4917071553        0.5207336411
        -0.4227459845       -1.2657589872        1.5191302899
        -1.4439655616        0.7803270019        1.2992960095
         2.7852016671       -0.2802914954        0.6489398546
         2.9735723445        1.1850050537        0.3015107786
        -0.1029546799       -0.0765662130        2.3668094239
         3.0366463674       -0.9955805067        1.2476362388
        -0.8997635183        0.3886374142        2.0041093279
         0.5423130751        1.0790229952        0.8260779846
         1.8635885120        2.1892643081        1.0611483577
         2.2007445585        1.1422518707       -0.2646016743
         1.0116577673       -1.4365533546       -0.2925111059
         1.7426826383        1.4796093289        1.7277264304
         1.9889523546       -0.2030894681        1.3276111921
         0.6894635001        1.6098837305       -0.0399743418
        -0.4376966572       -0.2265492047        1.3034153195
         1.2736619691        1.0015829753       -0.5426653213
         1.5715010069       -0.7002344352       -0.6374599156
        -0.8740040636       -0.6103014600        2.0930197377
         0.8269052885        1.1671188381        1.9749903018
        -1.4891315282       -0.1859180769        1.5120673888
         0.3608162392        0.6920803962       -0.2812103328
         0.0310830050        1.6035347471        1.5451358668
        -0.1047330935        0.9120912921        2.2288578982
         1.5291807864        1.3897371865        0.5567892497
        -1.1557496856        1.0609904338        0.4388825379
        -0.5737537651        0.4340649368       -0.0415338614
         0.9997468678       -0.2469589600        1.0107634805
         2.3607981749       -0.9203642960        1.9202552779
         0.4081692312       -1.8040582510        0.4119409460
         0.3798910839        0.3673426845        1.5572794218
         2.1464114930       -1.1801694955        0.9703694907
        -0.1375650827       -2.1060084416        1.1370924985
         2.3342771110        1.9409866415        0.2744068902
         0.0652599923       -1.1629450927       -0.2288757813
        -1.1790423997        0.1039960878        0.6522020260
         0.2117018452        2.0373792211        0.6925961635
        -0.4492663594        0.7819668702        1.0934643993
         0.9646055556        1.8903087945        1.2919077953
         2.8465859328       -1.1892902992        0.3276093173
         1.7873377804       -0.4085752533        0.3516540581
         2.7933025070        0.3488489307       -0.1038710271
        -0.7180940614        1.7387338540        0.9475538618
         0.0524953516       -1.9122986493        2.0571194207
         0.1716745128        0.1551281360        0.5493639582
         0.6731593717        0.4687526784        2.6472693479
         1.8830955609        0.2184953756       -0.4338445479
        -0.1126030344       -1.0789161409        2.4812893825
         0.4191378871       -0.6853296107        1.7534403159
         0.2175233118       -0.8908153967        0.7774831816
         2.3255702341        0.6694660241        1.7080458133
         1.4543485229        0.0149837853        2.9832907388
         1.5816434978        1.9019056567       -0.3036649180
         0.6550076530       -1.6383222355        1.3749288847
         2.9128983323       -0.1494953465        1.6605894647
         1.4040829575       -1.0209500002        1.6248198623
         2.4800234372        1.4268931951        1.0873056209
