         2.2438776973        0.2091488339        1.2575938031
         1.2283091934       -0.4962822757        0.0102939448
         1.2693794606        0.1930109075        1.3047567389
         1.4632768725        1.1398084643       -1.0175187033
        -0.1386773327        1.3022025256        1.6079031995
         0.5961729422        0.7147918545       -1.0541022291
         0.0980336890       -0.3098964416        2.0310342157
         1.9607707056       -0.5510114384        1.7601036200
        -1.1379752034       -0.3604144841        0.8143859001
         1.4921974313        1.9094541974       -0.4276745746
         0.6915916314        2.4984483983       -0.3858778152
        -1.0413150920        0.9848185393        1.8734477250
         1.3081736335       -1.2273901998        1.4574684481
         1.9423203263        1.0686696881       -0.1779523224
        -0.5864664347       -1.0382940479        0.3802839364
        -1.3626804138       -0.6121753280       -0.0931851962
         0.7058070942        1.7306527012       -0.9983961429
         2.3512771403        0.9940356268        0.7131389392
        -0.5970280551        0.8020027473        0.8195218696
        -0.5206571515        1.4669651343        2.5294177343
        -1.4908120788        0.5011311371        1.1236317129
        -0.2860769135        2.6596688597        1.3620271641
        -1.8758577010        0.4781457943       -0.4807917240
         1.4006415591        1.1507982817        2.4127135907
        -0.4371661100        1.8595405789        0.7914697552
        -0.8571094598        1.9883823300        1.7958326995
        -0.6943727224        0.1209135064        1.5723375382
         0.3334692253        1.1873317003        0.6895546087
        -1.2157335138       -0.0847607255       -0.8738021965
        -0.0764610358        0.7161596978       -0.1111633158
         1.4922548662        1.8933833986        1.2725830226
         0.2022418194       -1.4454736817        0.8589947133
        -0.9814416856        1.8820720369       -0.9162422954
         0.0665319705        1.7764792660       -0.1090566560
         1.7261279939       -0.6100105190        0.8419572122
         0.7613669920        0.4064196111        2.2638106396
        -1.6438482158        2.4776982054       -0.5354516746
         0.9854685738        1.9976157657        0.4094675554
        -0.4563680748       -0.4728135873       -0.4042116952
        -0.1885866163       -0.1130634868        0.5174930108
        -1.0127244392        0.3278224937        0.0158562010
         1.0897369104       -1.3041457173        0.5371881062
         0.6453647629       -0.5588018778        1.0250664942
         0.8713502723        1.1356459688       -0.1978542047
        -1.7827738607        0.9963047193        0.3323332777
         1.3617168150        0.3218164734       -0.5159304939
         0.4367670533        1.3169399340        2.5137207320
         0.0540332598        2.1466117684        2.1435182252
         1.7437478571        0.2916217409        2.1517408669
         0.1769980930        2.6130362374        0.4705325849
         0.8765129033        1.1408310873        1.5833214605
        -0.6206375365        3.1599481239        0.5847623299
        -0.8999563553        1.3648501506       -0.0167201093
        -1.3175022011        1.4752107352        1.0782685209
         1.9563864939        1.8187531792        0.4324302737
        -0.9686978759        3.4500477943       -0.2475009037
        -1.0979951595        0.8833826533       -0.8919346187
        -0.1841380819        1.2883155981       -0.9479937044
         0.7510308550        0.2750048074        0.4023039733
        -1.1861684130        2.4920695236        1.0218063022
        -0.8703613239        2.8575698670       -0.9539697537
        -0.3459002580       -0.7748715698        1.2871419261
         1.0553258716       -0.4993932432        2.0412372728
        -0.2133528662        0.5815501928        2.3000260869
         0.5028725305        2.0771972726        1.2722671261
        -1.6640064225        1.9946290015        0.3040673789
         0.4564432578       -0.0688595272       -0.4851256116
        -0.3130382107        0.3069126879       -0.9820275610
         1.0194975801        1.9732489677        2.1074282190
        -1.5612926193        2.9715065004        0.2812978406
        -1.9050078823        0.0289026982        0.3585031160
        -0.0833927057        2.3102185072       -0.9497690088
         0.2388703115        0.3594616120        1.3179598268
        -0.1035123894        3.0746726461       -0.3397694238
         1.9091936654        1.0668827485        1.5820259189
         0.3285030249       -0.8860827281        0.0814236055
         1.3723974644        1.0590582443        0.6967642767
        -0.7737466398        2.4006798077       -0.0416674782
        -1.7718871244        1.4831994869       -0.5153396367
         1.8305343364        0.2301107149        0.3523213481
         0.4080674766       -1.1917363738        1.7558970472
