        -0.6232550877        3.4346080787        0.6561074315
         1.8336691101       -0.4074599281        2.3137643468
         0.9705253808       -0.0299410712       -0.2699842185
         0.4339535482       -0.9014219060        1.3605878769
         1.1225463795        0.8021071918       -0.7294753768
         0.1569708990        0.9973978505        2.1891056270
         0.2025560925        0.5440363811       -0.5878994907
         0.0571698682        0.2547669549        2.8530405298
         1.0122357085       -1.7143895733        1.6038250212
        -1.2896748080       -0.3757841367        1.5326970873
         1.4115471866        1.5041352492       -0.1269354185
         0.7659557915        2.2193146667        0.1235111892
        -0.7327181664        0.8355768432        2.6100717443
         0.2187698706       -1.5462841824        2.0950304350
         1.5645081242       -0.2633901133        0.4902870207
        -0.9779948012       -1.1012344829        0.9658671621
        -1.7421019939       -0.5032399089        0.6878817351
         0.5073368909        1.5085384994       -0.5057407961
         1.2446202833       -0.2946459609        1.5423581159
        -0.5382200867        0.6734962529        1.4792581663
         0.5804987784        1.7631867895        2.7146577086
        -0.6125134277       -0.0424464382        2.1938478724
         0.2046571823        2.3942807304        2.0427522954
        -1.7602006413        1.1127743236        1.2673651795
         2.3475038992        1.1249118185        2.2353105882
        -0.1976511099        1.6746296726        1.4802209078
        -0.3846499627        1.7865855614        2.5442183720
         0.1406004412       -0.6474956554        2.4682883600
         0.4231115782        0.8943103999        1.1937105674
        -1.2008948158        0.3500925625        0.7683690745
        -0.2459510222        0.5823911488        0.4799063196
         2.0486259627        1.2690740280        0.5900290127
         0.6137187033       -1.6693962680        0.7445869771
        -1.8261212268        1.6641100846        0.4657248757
         0.0906758414        1.5847533919        0.4943482777
         2.0860847264        0.3407900858        1.7305226335
         1.7645701594        0.5111155512        2.6719367584
        -1.4618042715        2.0753336800        1.2654273305
         1.1040598907        1.5973402690        0.8003640111
        -0.9024625421       -0.4964846088        0.2087071646
        -0.3825525887       -0.2702111785        1.0642498029
        -2.0493358687        0.1799782530        1.2748892171
         1.4145765140       -1.1298280397        0.9432781294
        -0.1946500081       -1.6820196867        1.2479099132
         0.7358911443        0.8169388308        0.2096110845
        -1.6540880251        0.0567729593       -0.0765766502
         1.7318520751        0.5766356581       -0.0140283149
         0.8658727987        0.8465757278        2.9470034800
         1.7658215541        1.4161777876        1.5388220568
         1.8374412613       -1.1984514360        1.7981284172
         0.4666723195        2.3387022160        1.0747734698
         1.1184779528        0.6959565211        1.9466874139
        -0.1745147680        3.0100511415        1.3743340864
        -0.9073405909        1.3505279642        0.7630176538
        -1.0677703273        1.4332856585        1.9129658904
         2.3265624457        0.3359332562        0.7503237691
        -0.7809560834        2.8938983299       -0.0794361551
        -1.3687208312        0.9907435888       -0.0712167043
        -0.4237279215        1.2325269841       -0.2892000178
         0.7911833516       -0.8502931132        0.2437585899
        -0.7574563787        2.4106241669        1.8837436898
        -1.0711027653        1.9535455557       -0.0704933042
        -0.5140619983       -0.9634366589        1.8083007728
         0.9534248116       -0.0729053337        2.5797563217
        -0.0197285604        1.1581731916        3.1762906249
         0.8215029045        1.6854179568        1.7665074756
        -0.1299255056        2.2150124108       -0.2619645439
         0.0385897682       -0.2454060784       -0.0324609064
        -0.7330396696        0.2968754458       -0.3403310929
         2.6147743202        1.0415992055        1.3214362783
        -1.1759741141        3.0170319857        1.2712439106
        -1.4016628763        0.5052963622        1.9458836327
        -0.5928805348        2.3420487271        0.7645930206
         0.2928121026        0.0474916734        1.7753934166
         0.1186725985        2.9186597884        0.3718422985
         1.4898737431        1.4432463408        2.5005632846
        -0.1294185147       -1.0833363977        0.4930942578
         1.4027052263        0.6073581770        0.9748327572
        -1.5154902334        2.6210182914        0.4693358244
        -2.1077185843        0.6869527508        0.4724510597
         0.5829548013       -0.0429506066        0.7833122268
         1.0269336092       -1.0089933325        2.2687405210
         2.1485480115       -0.5056128918        1.2371029741
