         2.5183733242        1.2887964767        1.8280495281
        -1.1727386759        1.4878260283       -0.1172934755
         1.4339434719        2.4931956669       -0.0264693188
         0.8159498324        1.4599678813        1.8548121848
         0.5979664104        0.9605060692        0.1783522510
         0.1034015076       -1.0404908522       -0.4430332668
         0.8711471450       -1.2927580477       -0.9541305589
         0.0982702317        1.9735870721       -1.2625848503
        -0.0272763619        0.2493995132       -1.6267279695
        -1.3751022521        2.0027721638        0.7091913466
        -1.0938224913        2.4822516398       -0.1459293053
         1.1854690338        2.9483354918        0.8119360659
         2.5553846396        2.1743434374        1.4861631506
         1.0100757749        0.0623026643        0.4629153024
         1.2619665289       -0.8070974371        0.8517922619
        -0.9236633948        0.3224284966       -1.3261314145
         0.2393103598        0.5915433309       -0.7587469026
         2.6699464405       -0.5953998783        0.0145444180
         1.0107225831        1.9486879327       -1.5624433524
         2.2994423660        1.9704839770       -0.1084910554
         2.8630800003        0.2430505270        0.5340671150
        -0.5783426896       -0.6404419704        0.0989317373
         3.0370001588        1.0868545784        1.0530137659
         1.4840437473        1.4538581505        0.0918719645
         1.9131605219        0.5563558866        0.3656841269
         2.1090903422        1.4431739085        0.9264176068
        -0.4176426512        2.0170176854        0.4210252173
         0.7403702920       -0.3029537543       -0.4761421861
         1.4354450734       -0.5647257577       -1.1989727258
        -0.3430454144       -0.2507231817       -0.7966756063
        -0.3796140564       -0.3230529258        1.0103099448
         0.2672110186        0.4875091464        1.0544313404
         0.5486585575       -0.4031217032        1.3872492185
        -1.2676985394        2.9321012339        0.6525399470
         2.3160731712        0.4886780926        1.3060894185
         1.9757527237       -1.1856844868        0.2985649104
         2.5509669401        0.2738882814       -0.3881168207
        -0.8491047279        1.9599582978       -0.9335124071
         0.5168458582        1.1161550800       -1.6285579054
         0.7889576395        2.4810109660       -0.7699110016
        -0.0763490318        1.0440063168        1.8447803033
         0.2929076333        2.5762461106        0.9623301828
         1.2361517685        1.9859460827        0.9448750809
         0.8830781334        2.4393286265        1.7303637481
        -0.0029812491        2.0418400866        1.7621708236
         1.2869112411        0.5669544002       -0.4547559984
         1.4219632319        0.0392554625        1.3759831481
        -1.3547614697        1.0352126333        0.7295323665
         1.9277911373        0.2786006352       -1.1481562263
         0.0001447699        0.1208612608        0.1182624073
        -0.4249936881        0.9934274057        0.4665464727
         1.8033971188       -1.2578897055       -0.6330609325
        -0.7686287141        0.5412849314        1.3235463101
         1.0493237532       -1.1856017890       -0.0255850121
        -0.9921347370        0.1637066930        0.4459063157
        -0.1825013572        1.4626391206       -0.4247061185
         1.4742703805        1.1174765988       -1.3871581006
        -0.7319898977        1.5441035192        1.3052512102
         1.1985919495        0.9479437417        1.0083852085
        -0.4292649871        1.1408426540       -1.3749760917
         0.7394281819        0.4719758844        1.9284477642
         1.7162934251        1.8545638432        1.8560319749
         0.5496869467        2.9661285773        0.0748300549
         1.6315621495        0.8791858117        1.8911810633
         0.8118580577        1.4526219448       -0.7141664227
         0.5747988835        1.9966105967        0.1238495363
         2.1045424958        1.1309467146       -0.6351784121
        -1.3089664159        1.1278502617       -1.0056986302
        -0.7689504758        0.5923932282       -0.4216148451
         2.3768288016       -0.5470912621       -0.8950067829
         0.3047833902        1.5213559056        1.0024033605
         2.7350277050        1.1239312022        0.1364490091
        -0.3853258746        3.0063061160        0.3629492395
         1.7206781980       -0.3415656331       -0.1785559897
        -0.6678699294        2.5285701953        1.2360717927
         0.4002284497       -0.5704634215       -1.3450643134
         2.1307959080       -0.3538775412        0.7850924381
         2.9211859726        1.9420522692        0.6408317774
         1.7579454946        2.7552871285        1.5415743702
         1.6544620721        1.9789441923       -0.8482121089
         0.3307966484       -0.7558367307        0.4831802081
         2.1057530866        2.4982331436        0.6909245273
        -0.1297233946        0.0701614008        1.8742267817
         0.9478954445        0.2660641548       -1.3915155622
        -0.1502288043        2.5057967067       -0.4607103536
