        -0.9836559567       -0.1597656602       -2.3431765980
         1.8122329206       -0.8362699114        0.7843218167
         2.5960453569        0.4216609421       -0.1714966596
        -0.7053502965       -0.8909373193       -0.4991212660
        -0.5637876383       -0.8679002447        0.5528646158
         0.9651273502       -1.3500410172        0.5666484782
         1.9175431480       -0.4234508208       -1.6773259575
         0.3997917555        0.3958382410       -1.4824347646
        -0.4289977503       -0.0880050017       -1.0700972233
        -0.1399696516       -1.8375758742       -1.5872648486
        -1.2192309359       -1.0754668593       -2.5266294503
        -0.4777496646       -0.6176943512       -3.0009223376
         1.5074081460       -1.3229780997       -1.6275125344
        -0.7680004553       -1.7669331817        0.0302114981
        -0.2227486367        0.6932888224        0.6817512807
        -0.5205239656       -0.0723585574        1.2517001200
        -1.4700137431       -0.5593621914        0.0982351758
         2.0689424644        0.6110730702        1.4679294492
        -1.5955017782       -0.5875770057       -0.9074046787
         0.5980497732       -1.3063470946       -2.0219987448
        -0.0616872228        0.1971826898       -2.7312951394
        -0.9038154152       -1.7773840981       -0.9744276867
         0.9433725354        1.2522728262       -1.5829307887
         1.0399765493       -0.7803920560        1.3869415548
        -1.3567476722       -0.5380265450        1.0663242948
         1.5213335024        1.5490436857       -0.8601773334
         0.2430972219       -0.9960971081       -0.0572073144
         0.3469865378        0.9467083409       -2.2868046908
        -0.8466039802       -0.9130411808       -1.5644858104
        -1.5758761867       -1.4038999616       -0.3768392870
         0.9103500662       -0.4824007876       -1.5319068292
         2.0378130347        0.7272055997       -0.9149405010
         1.1833303566        0.8870837633        1.6662547432
        -0.2995636400       -1.3365099154       -2.4094637641
         0.4482404727       -0.6799715685       -2.7807061073
         0.5547468041        1.6381923762       -0.7583839038
         1.0512707362       -0.0085016940        1.9642492477
         0.1333779150       -1.8666116316        0.4006489130
         2.1980161455       -0.4857069188       -0.0783178251
        -1.7374575029       -0.6110201229       -1.8819946033
         0.3398641957       -0.3548354619        0.7706325684
         2.3108791686        0.0024146176        0.7617703130
         0.1886678391       -0.4988461269        1.7667748615
         1.0546830606       -1.0749084743       -0.6919999155
         1.6491311266       -1.8805222936       -0.8411899527
         2.4967963571       -0.1289028134       -0.9546977157
        -0.0012709678        0.7414953086       -0.5896801073
        -1.2987391017        0.1556862078       -1.4749824263
         1.2551180059        0.1649548853        0.9887409208
        -0.8603441833        0.9299967615       -1.0648593327
         0.8427115235        0.1142250217       -2.3667810217
         0.6201973500        0.4501385864        0.2044923930
         0.7687899592       -1.8723651213       -1.2227191495
         0.1179015638        1.4317496676        0.1235391482
        -0.3044987374       -0.0541475787       -0.0041463682
        -0.6460453833       -1.7605440334        0.9974586661
         0.0170283493       -1.8363313343       -0.5851269572
        -0.6646248580       -0.9826385198        1.5490697383
         1.5389064045       -0.1600073996       -0.7683201831
         1.6559644272        0.4483997964        0.0937528572
        -1.7020007313       -1.4206845986       -1.3804968129
        -0.4933606057        0.5710470283       -1.9162432815
         2.0996193247       -1.0192265367       -0.9080789320
         0.1814892822       -1.2799295719        1.1836764344
        -1.4317473630       -1.3761040031        0.6171492920
        -1.0421453641       -1.8070641744       -1.9493689383
        -1.1708476566        0.2069984951       -0.4700241689
        -0.0506862407       -0.4269599100       -1.9795309327
         1.8786424850       -0.3089602970        1.5988804005
         2.5182646168        0.9189939897        0.6387140348
         1.1066057584        1.3916871967        0.0274376381
         1.3224493895       -0.7312381607       -2.3813250721
         1.0283480934        0.7182316284       -0.7188481101
         0.9169412995       -1.9325933388       -0.2164934403
         1.6267868440        1.1791588662        0.8280574741
         0.0999356780       -0.9978520859       -1.1213497941
        -1.0912474707        0.2399328205        0.5193126454
         0.3482902271        0.4094150616        1.4539645705
         0.6534634803        1.1569921759        0.8966042437
         1.7470357049       -1.3706122138       -0.0343206671
        -0.7899345209        1.0034962144       -0.0511006225
         0.4895777213       -0.1905803142       -0.6001976332
        -0.0374643745        1.3344408137       -1.4778175073
         1.4277516153        0.4126708807       -1.6271660118
        -0.4121271656        1.6651597465       -0.6414581853
         2.0861176531        1.2988151950       -0.1220856940
         1.1491307864       -0.4597084915        0.1532398027
