         0.7251163375       -0.4075147154       -0.3307753912
         1.7448236313        1.2504554101       -1.0839014785
        -0.1351893548       -0.0401456109       -0.7698542514
         1.4756790242        2.0755024831        0.4051133132
        -0.4665671117       -0.4601571246       -1.5804619730
         0.7456133308        0.5472029334       -0.7439850124
         0.3617593194       -0.8615341252       -1.1765082387
        -0.5230884210        1.0956607757        1.5995928679
         0.0989958968        0.3886772219        1.1521670178
         0.4749788317        2.0675611861        0.3504825067
        -1.0527112036       -0.2592636330       -0.3235369575
         1.8714630615        0.4243293044        2.0317408849
        -1.9323595501       -0.4442963047        0.1135473273
         1.2312277010       -0.3642336083       -1.1874600451
        -1.1745691828       -0.7622841037        1.5470657264
        -0.9763455610        1.7636419778        1.0502691619
        -0.6316246923       -1.5181985366        1.0923734986
        -1.3393478513       -0.6552819849       -1.1884643602
         2.2078290543        1.0561667498       -0.2080302334
        -1.3894150582       -1.2002107380       -0.3411448978
         0.6696351034        1.1283058023        0.6533871080
         0.7259009738        1.5077448436       -1.1373172433
        -1.1402184273       -0.8516311731        0.5567675262
         0.4824442012        1.8842596308       -2.0539734563
        -2.1365185685       -0.7959157728       -0.7255322693
         1.0126736074        2.2697911408       -0.4707579199
        -0.3438338272        1.3539233071       -2.1589548326
        -0.4089066886        0.4279942228       -1.9633778126
         1.4717334381        2.1506924257       -1.3156086343
         0.1678063767       -1.2877216103        1.6626319443
        -1.5970723153       -0.0825101375        0.9688798380
        -0.1194959605        0.9249326541       -1.1778884881
        -1.8828325608        0.1013845664       -0.7333197279
         1.2796624952        0.5378332366       -1.5738894136
        -0.0252169797        1.8484473285        1.1650362764
         0.4923948172        0.9138120170       -2.0176320364
         0.9320865414        0.4319430369        2.1634348577
        -0.5679807275       -1.5152628510        0.1070607113
        -0.7603359794        1.6645854999       -0.6145686690
        -1.2998231859        0.8564063721        1.0200207706
        -0.6872341659       -1.4040717714        2.0160912009
         0.5396455731       -0.3619268327        1.7485590055
         2.2024461543        0.1506101245        0.1717481809
         1.1074380146       -1.1744395631        0.2340984089
         2.1657998684        0.2116093877        1.1479623454
         0.5741003741        2.4784326897       -1.3180179135
         1.5146987166       -0.3791987352        1.6755226805
        -0.3756783302       -0.5310550599        2.1177765814
         0.4168937754        0.0255874305       -1.6004470297
         0.4560791481        1.1541472760        1.6865340364
         1.2343136784        0.3421320398        0.1804935375
        -0.5200898201       -1.0422980131       -0.7765167001
         1.7054263830        1.0967114734        0.7156591947
        -0.2387778296        1.9317870962       -1.4053069678
         0.2122680333        0.3848762223        0.1160986465
         1.7257951071        0.3261123421       -0.6970213210
        -1.2687671131        1.4085662126        0.1889862280
         0.1809347640        1.3333766926       -0.2710914258
        -0.3685429550        1.1151324362        0.5851163720
        -1.6202659947        0.4894221995        0.1448326495
         0.3077708636       -1.3817663614       -0.3262688262
         1.6333089083       -0.4848507948        0.7006556891
        -0.0343607654        0.3838064332        2.1141951104
        -0.8538375972        0.1678096671        1.5946916817
        -1.5207536993        1.0075340996       -0.6976268778
         1.1450489217        0.3942979815        1.2142616794
         1.4346272176        1.2295844682        1.7602874046
         1.1614870872       -1.2127554035       -0.7400720311
        -0.6771174788        0.7143538137       -0.3160131695
         1.2111376020        1.2980901786       -0.2093543381
         1.9394612230        1.9639582904       -0.4466576679
         0.9552359168        1.8870384863        1.2162321149
         0.6409240302       -0.3658222065        0.6983259541
        -0.9915188664        1.2391359972       -1.4754656361
         1.7076661441       -0.5641590999       -0.2861774420
         2.3928905664        1.7641518467        0.4269520366
         2.3602481106        1.0962861265        1.4982839596
        -0.2844754723       -0.5816345683        1.1297410241
        -0.5016554340        2.0483728252        0.2637536541
        -0.7375613030        0.1519699501        0.5665359550
         1.3169717413        1.4441700905       -1.9401401507
         1.9326060563        1.9083697146        1.2518786873
         0.0324522571        2.2742615991       -0.5294054788
         0.2463385755       -1.3639105449        0.6733423296
        -0.1865328823       -0.6151993653        0.1050737846
        -1.0288808334        0.2962660944       -1.2186355644
         2.6754774341        0.8741071110        0.6297564709
         1.0198258259       -1.0838847920        1.2313600245
