        -1.8955875895        0.1863679545        1.9895585817
        -0.2987665656        2.4111925876       -0.4760505818
         0.7351059709        1.5123918130        0.0107055070
        -0.7292632992        0.1359126529       -0.0595948953
        -0.5237156866        1.1554720313        2.3612799548
        -0.1431761108        1.7854624918        1.6892396888
        -1.0704236680        2.2382682572        0.1135093300
         1.7871951942        0.2533734596       -0.4433349870
        -1.4845208572       -0.0519540751       -1.2146056195
         1.3962188620        1.0424766271        0.7070358488
        -1.1231192540        1.6059644489        1.7308905785
         1.4296656901        1.8085633053       -1.1124367367
        -1.2997558873       -0.5911621328       -0.4192907967
        -0.5798734431        1.1242373810        1.0508292482
         0.0856049041        0.3970270573       -0.6668672131
         0.6772680632        0.3261457162        0.9292157310
         1.4419001948        1.5718649617        2.3368173069
         0.8286562611        1.0807523536       -0.9443646313
        -0.1062129889        1.3986036001       -0.5807531293
        -0.9333950757        1.1533314660        0.0419880540
        -2.1677387915        1.0054404080        0.4887688108
         2.4837124736        1.2290796300        1.0521747242
         1.6569127597        1.2218233109       -0.3641108455
         0.4756219288        1.3629543935        2.3470872515
        -2.5069812479        1.0377795804       -0.4392998914
        -0.0029160317        0.9973318184       -1.5309929951
        -0.6189362090       -0.7162542850        1.4604783624
         0.8518934078        1.9800019601        1.6831716132
        -1.1848500792       -0.4071342507        2.2059909436
         0.9324570033        0.5115636254       -0.0715187011
         1.1440644726        0.8812662041        1.6933367525
        -0.8607304596        0.3263321620        2.7170771741
        -1.5872558838        0.6784820269       -1.8097712313
         0.5187428911        2.5217605680        0.0986696533
        -0.9336249359       -0.6429875994        0.5252002450
         1.3255362796       -0.2360919401        1.4263251882
         2.2202308364        0.7386696036        0.2777770552
         0.5156857885       -1.1765374318       -0.0649101439
         1.1251713781        0.7533679777        2.7048113990
         0.2326586951       -0.2254627199        0.1547078858
         1.5962940270       -0.0064250681        0.4862884497
        -0.0432199227       -1.0101400959        0.6980915081
        -2.3009825354        0.4547821887       -1.1567103843
         0.5923793493        2.1568693717       -0.8153026677
        -0.5542430336       -0.2972847411       -1.0255682660
         1.7542166144        1.7262912004        1.4028954877
        -1.7821918647        1.6237424921       -0.1686260487
        -0.1914064657        1.8124830998        0.3658466393
        -1.8609943734       -0.3147775754        0.3348322947
         2.0279715321        0.4231097705        1.2547241583
        -1.7670909192        1.2500350976       -1.0726314524
        -1.3224326654        0.4709993587        0.7120212336
         2.1466701231        1.0563262677        1.9700497399
         0.1306683268        0.5394355600        2.7249742585
        -1.8217434375        0.9799140485        1.4487488348
         0.3388108193       -0.4708909491        1.4197398268
        -0.3641014058        0.0939142081        0.9421243363
        -0.6947578015        0.3444180156       -1.7714994846
         0.2019384052        0.0389678170       -1.5577920055
        -1.0037884193        1.7985820954       -0.7853020652
        -0.8825504747        0.7342735573       -0.8949698936
         0.9293869260       -0.7238972709        0.6735864654
        -0.3850993312       -0.9016812431       -0.2505151928
         0.3697400922       -0.5971059784       -0.8344636037
        -0.2172390128        1.9543198997       -1.3819381942
         1.4162800522        2.1752530095       -0.2335521397
        -2.2605640545        0.2160218844        1.0439054747
        -0.2341529199       -0.1823859709        2.1862589078
        -2.2116582443       -0.2976543602       -0.5873668235
        -1.6893086875        0.4980530736       -0.2985629990
        -0.0022353806        0.7886241764        0.2937365434
         0.2503205564        2.4168986275        1.0420104286
         0.6610298812        1.7046054738       -1.6527981345
        -1.5131073422       -0.3553642937        1.2871366199
         1.0097608733        0.1112771947       -1.0154632677
         0.0912289836        0.6621968172        1.7058445435
        -0.3515742217        2.8149541136        0.4008157633
        -0.9498594936        0.4332891170        1.7100436529
        -1.4323342200        1.6111041427        0.7829440603
        -0.7476467097        2.2502130200        1.0728562906
         0.4666727741        1.3426903454        1.0262547265
         1.1430058114        2.0889355622        0.7239233877
        -2.6006049736        0.2494575143        0.0855401084
        -0.9179460975        1.3326251364       -1.6650524461
         2.0164800057        1.7295056467        0.3978888951
         0.7559657024        0.0391657280        2.1745906984
         1.7231899489        0.2345330231        2.1788848065
        -1.4843847177        0.9558148810        2.3698513050
         1.1744686319       -0.4882666166       -0.2687285291
