        -0.8731229791       -1.6496651185        0.3004357041
        -0.6490119731       -1.0324814843       -0.4225436408
        -0.3652031252       -2.5564551316       -1.1016063725
        -1.2298830734       -0.0270534388       -1.8031087199
         0.7064228715       -1.4538333047       -2.9351298626
        -1.4207982568        0.9390570859       -2.0314588364
         0.0254630830        1.6152816415       -0.0624219593
         0.1249956449        1.6042612139       -2.0917564199
        -1.6219935966       -1.4765206591       -0.3252995013
        -1.3672529352       -2.1866908632       -1.9923923545
         1.1773704068        0.2871023244       -0.9098745402
        -1.3992947498       -0.7556212294       -1.0895178644
        -0.6659827334       -2.8536900586       -1.9723825986
         0.1101530065        1.4373804556       -1.0642431702
        -1.1690244725        0.2683587282       -2.7504175951
        -0.5561757492        0.6836650550       -1.4494818029
        -0.7370806032       -0.7243645431        0.6284547913
         0.4909494732       -2.0854112150       -1.1235471646
         0.8703758498        0.0935958106        0.0053119425
        -0.7169747931       -0.5953848927       -2.8181572054
         1.3534056162        0.6235716346       -2.8005956631
         1.1218271189        1.2364225640       -1.2056093548
        -0.7721198147       -0.9576848503       -1.8878940001
         0.8442014215        1.9405681087       -0.5706580688
         0.5268311236       -0.3234660670       -1.4337873962
         0.0959099441        0.6701967780        0.2940979804
        -0.4556776455       -0.3044122352       -1.1507535211
         1.5122910612       -0.4083732877       -1.5251833391
         0.0437193451       -1.2457545795        0.3078825734
        -0.5137502579        0.9111391521       -2.4132195468
        -0.2392859206       -0.0407628490       -2.1148377156
         0.7998492538        1.0300227192       -0.2926989647
        -1.7804553563       -1.3110304259       -1.8209014986
        -0.7430553101        1.8988709803       -0.7456069691
        -0.0135424239       -1.2376058799       -1.2135461610
        -0.1806485530        2.3187458128       -1.4817125725
        -0.5093194649       -0.0236741160       -0.1313219110
         0.2311233804       -0.6291613858       -3.1451542819
         0.7426489920        2.0694117372       -1.5133857348
         0.7161029586        0.1912082736       -3.3621682250
        -0.7843189059        1.6145932324       -1.7009670690
         0.4340440402        0.6858454330       -1.7405512224
         0.2822176786       -0.5850305155       -0.4589058995
         1.4362003900        0.5161169322       -1.8448600286
         0.7246836593       -1.4765529335       -0.3913916914
        -1.8738670862       -1.9914302947       -1.1218038230
        -0.6406228638        0.2517145716        0.8021031942
        -1.2959249905       -2.7363762925       -1.2150604470
        -2.2944286071       -1.1251921512       -0.9630535165
         1.0603389701        1.3565198919       -2.1666774579
         0.9188816518       -0.8279503691        0.2903846324
        -1.4374074342       -0.4504307539       -0.1070126762
        -2.0378842206        0.7673150079       -0.4400115372
         0.4270133476        0.8885148794       -2.7419907357
         1.2343442132       -0.9993577756       -2.2533273388
         0.0435505105        2.4062346441       -0.5871513854
        -1.4368474316        1.2357963149       -1.0684677963
         0.7401108472       -0.0728566153       -2.3997837407
        -2.2478746352       -0.1668696550       -0.7145863696
        -1.3734893585        0.5620150225        0.2413506638
         0.2031322503       -2.3016091630       -2.7208864264
        -1.6506359235       -0.6000413155       -2.5029647484
         1.7303917654       -0.1830722751       -2.4605022320
         0.7295985159       -1.8520889056       -2.0465036952
        -1.1992451381       -1.4617160970       -2.6260689387
        -1.5257400525       -0.2031045192        0.8482698103
        -0.2671621858       -1.4842763496       -2.9325878222
        -1.0745295475       -2.2863921376       -0.4112217063
        -0.9470705648       -1.6988806294       -1.1768253259
        -2.3336403928       -0.8571218061       -0.0223180615
        -1.2869277274        0.2632694511       -0.8225875001
         0.1579664710       -0.2922131292        0.5683533629
        -0.6802305685        1.2044107001        0.4813809224
         0.2131267471       -0.9768664280       -2.1822300257
         0.9817041402       -1.2222107945       -1.3080931859
        -0.6099548692        0.9440083482       -0.4589882795
        -0.7504075228       -2.3184613001       -2.7521746506
         1.1976370768       -0.5985259742       -3.1326621729
        -1.6371472730       -1.1141332479        0.5968390886
        -0.2251012611        0.2327381531       -3.0696621700
         0.2619714811       -2.6920371289       -1.8522063949
        -2.2209284264        0.0534254612        0.2302725327
        -1.3753923208        1.4609308601       -0.1365926900
         1.2673529320       -0.6306837144       -0.5845663396
         0.2023958353        0.4037461768       -0.7751391302
        -2.0610330422        0.5266151558       -1.4042568197
        -0.3164048925       -1.8889862906       -1.9651770678
        -2.1815799985       -0.4246016032       -1.6703279351
        -2.0387948379        0.2634555357       -2.3388826235
        -0.1722263932       -1.9044795731       -0.3912442058
