         2.5127609020       -1.1333926392       -1.3122083585
         0.8457423749        0.5184136464       -0.7582139454
         0.1962013051       -0.9550229977       -1.2756173078
        -0.4010361976       -2.2480400777       -1.1957971027
         0.3327828040       -1.0685212823        1.8119271436
         0.2566397750        0.9614408175       -0.0533464942
         1.7555636279        0.5969785223       -2.9755227992
         0.0914100934       -0.8915835907       -0.2072910972
        -0.2503872043        0.9020458183       -0.8885132322
         1.1276486451       -1.4103752765       -1.1572126684
         1.0458192218        0.8689224674       -2.3835563240
         2.3370832247       -0.0556158338        0.2111173371
         1.1962201454       -2.3118548552       -0.5557687134
        -0.8497224966       -0.5230210153       -0.3637306318
         1.2700314826       -0.5076490816       -3.4041131863
         0.6597868375       -0.0976538392       -1.6145382237
         1.7851556177        0.0591671230       -0.6387966935
         0.4586740316       -2.6683225901       -1.0865116173
         1.0228574375       -1.3469358709       -0.0888864706
        -0.7531100564       -0.5815090869       -1.3486758391
        -0.0624655626        0.4844374123        0.7815853469
         1.9541946172        0.4614945057        0.9780469617
         2.7095780605        0.4256364359       -0.5698825821
         2.6962436965       -1.5290114004       -0.4551195342
         1.6469285165       -1.1243639755       -2.7650847352
        -0.4938956373       -2.1918240270       -0.2491129924
         0.7313302904        1.0593104814        0.8225977204
         1.9395543447        1.1834974332       -2.1673190924
        -0.6685486612       -1.4002340649       -0.7928162189
         1.9857573679       -0.5168677379        1.0419533462
         2.3548345417       -1.0377858220        0.2978204456
         2.2686835434        0.2711064968       -2.2281070374
        -0.5365436380        0.3757086809       -0.0697285943
         1.0590399952       -2.1871370205        0.4165055882
         1.9001494362       -1.8673380123       -0.0141697241
         2.3007716669       -0.7075738033       -2.1695567529
         0.9327640724       -0.4917208725       -0.6896941962
         0.3658145919       -2.6121065395       -0.1398275063
         1.8536528699       -0.9728513612       -0.5707944796
         0.8219413114       -1.3646522795       -3.1749496301
         0.4904228185        0.0048772088        0.1120953235
         1.5386016427       -1.3750091542        0.7618278430
         0.3670637307       -1.9189634969       -1.7283201816
         1.6371148420        0.0003199465        1.7880467327
         1.7980003253       -1.5320461605       -1.8826917224
         1.3254830134       -0.1406956920       -2.4291270508
         2.4898514778       -0.1480999932       -1.3463256015
        -0.2351461437       -1.2167353633        1.0696599689
        -0.0125983363       -0.0605059187       -0.8080304228
         1.9875018912        1.8232193728       -0.0843073974
         1.3462263703        0.5753455602        0.1613937301
         0.5885638613       -0.8290747166        0.7206350954
         0.3006886697       -1.7808804849       -0.6751409869
         0.1602856384       -1.7937823869        0.3797426640
         1.4196963570       -0.4494123715        0.2302236212
         1.2242268826       -0.8684652196        1.5442769718
         0.7047083151       -1.6761976090        1.1891333110
         0.7378428595       -0.1854681382        2.0214473474
         0.9852495009        0.0652777999        1.0394880573
         2.6430619001        1.4065915570       -0.6346582246
         1.0656760845        1.5476985318       -0.0016238919
         1.3854022032        2.0214177762       -0.7945306412
        -0.1494386491       -0.5800108005       -2.1302481743
         2.1113094088        1.7482677150       -1.3465011744
         0.4094080350        0.8689566551       -1.6107894629
         0.8643079013       -0.9960070195       -2.0905222919
         1.2198342595        1.4543729300       -1.5732367647
         1.5890603736       -0.5519434200       -1.4964099194
         1.7014194323        1.0760026720       -0.7073920890
         1.5154410908        0.4729048977       -1.5637177207
         0.8682336906        0.3211943511       -3.1821666673
         1.0592224014       -1.8908164031       -2.4250694656
         0.3961828419        0.6069685586        1.6303007349
         2.3031751493        0.9427281288        0.1556857052
         1.9967618741       -1.9258260823       -0.9991149273
         0.4365216547       -0.5326380475       -2.9189504173
        -0.6869287683       -1.3335934605        0.1945598261
         1.2513434160       -2.3035553258       -1.5439907486
        -0.4088373267       -0.4229737948        0.5142713898
         2.4573333188        0.8494025325       -1.4159271260
         0.1193679315       -1.4313541537       -2.5445428032
         1.3098435187        0.8668123918        1.5685078173
         0.2525487418        0.2937313423       -2.4299247663
         0.5686678536        1.4722531813       -0.8420329003
         0.0138200268       -0.2767392931        1.3904112859
        -0.3786172776        0.2801018623       -1.6797573982
         2.1091656767       -0.2854542534       -3.0244206509
        -0.4946253483       -1.4500117658       -1.7659365162
         2.7608725923       -0.5700546406       -0.5057249642
         1.6535781096        1.3566241838        0.7481535094
        -0.9692888238        0.2629403017       -0.9210782825
