         1.9874911203       -0.9112336677        0.3667874493
         0.7443827095       -0.8480029594        1.8236628449
         2.3953034071        1.5304618583        0.7580281247
         0.3702866768       -2.0935005474        1.7943091645
         0.8849304145       -1.5938116769        2.4626299589
         1.8634079839        0.7323507629        2.4134530081
         1.2650053623        2.0532834723        0.3424516675
         1.9522220033       -0.2529315174        2.5137110127
         0.7728985169       -0.0139968825       -1.0031268888
         1.6624721541       -0.4428110138        1.5118880748
         0.9654025735        1.0965868455        2.0275055764
         1.7317989796        1.7136864293        2.2504182554
         0.1671367880       -1.3443654366        1.1277810140
         1.3245809243        0.2665888850        3.0914900093
         1.4796960948        1.5791558273        1.2358161749
         0.1803790976       -0.5170745950        0.4834907017
        -0.2305000173        1.4399574443        0.8093877351
        -1.0031029544        0.8907793141        0.6149499527
        -0.3580297106       -0.5918487935        3.5028593081
         1.5961017224       -0.0051015963        0.5482713969
        -0.5577844021       -2.1983545768        2.0250720534
         0.0007165147        0.0077528692       -0.3636895939
         1.0190374285       -0.5132455969       -0.1436439258
         2.2035428407        2.1583939669        1.5393288380
         1.0119015948       -2.2511437039       -0.0875835185
        -1.1267232318       -1.4842864790        2.2926767150
         2.1023238898       -1.2977606604        1.2627951582
        -0.8080890170        0.0484566191        0.1927242141
         0.4829352564       -0.1752491170        3.3806500553
         0.7053139674       -1.7322932881       -0.8240082881
        -0.2422824511       -2.2806826110        1.0633859199
         2.5369538092       -0.4196494735        1.0165356184
         0.0720611230        1.5609418127        1.7548288597
         0.2803796939       -0.8680083041       -0.7592048381
         0.0604701055       -2.0334251181        2.7291718551
         1.5373072338        0.3982023663       -0.4065910451
         1.5768144558        0.5661054668        1.3883322949
        -0.7721754594       -0.7384765314        0.7746599550
        -1.0777474848       -0.6859711211        1.7410125679
        -0.1701436268       -1.2647444149        2.1452953173
        -0.7010400186        0.9743401066        1.5381866887
         1.2380838150        0.8166794413       -1.2598376611
        -0.4114646572        0.2384573407        3.0518062083
         2.0601405055        1.1310193924       -0.9066791077
         0.5637508122        2.0112376847        1.0267087199
         0.7576947964       -0.0362837873        1.1672124918
         1.1941508351       -0.8840336625       -1.0863977879
         2.4422410569        0.8926504690       -0.0589238645
         2.0736871084        1.7855260422       -0.1201125949
         2.5438543695       -0.7498728468        1.9190590560
         1.2502887076        1.4439904079       -0.4971687520
         1.3622463770        2.5475373208        1.2300095339
        -0.8078398197       -1.5485557921        1.3611476321
         0.1327979305       -0.3396037589        2.4852310231
        -0.7510353446        0.1869227211        2.1286729490
         0.3071170497       -1.1503259123        3.1148857590
         0.4867759500        0.8479114133       -0.6389853136
        -0.1997544863       -1.6906897896       -0.5330728738
        -0.4963217577       -1.6217056206        0.3966612259
         0.5059853429       -1.4139021430        0.1186882913
         0.0838347565       -2.3363067846        0.1064232246
         2.4417216813        0.2039159795        1.7918829599
         0.4581901188        0.6582201696        2.8555449522
         1.4676359264       -1.4171760136       -0.3226865296
        -0.1454177332        0.3934320519        0.8471815894
         1.2282157338       -1.6637614386        1.5101433796
         1.6800234618       -0.0229742361       -1.3246220671
         2.3318284638        1.1934098441        1.6767774796
         0.8973178426        2.0996773364        1.9436047394
         2.0883719287        2.4231933098        0.6421731445
        -0.3569263400        1.0443734125        2.4732505652
         0.1513330049        0.4948551965        1.8363415774
         0.5231883753        1.4288412852        0.1709324661
         2.4336700168        0.2636586581       -0.8202567028
        -0.1502750200       -0.4341772623        1.4947242303
         2.4791474513       -0.0736639855        0.0935495286
         2.4184836643        0.5521686703        0.8677753088
         1.2475932988        1.2442594060        2.9566165564
         1.5560566631       -1.7790519219        0.5829095959
         0.6955303625       -2.1729991770        0.8348692533
         0.7119538573        0.4038627681        0.2231969502
         1.7289820138       -1.1714257254        2.2015068570
         1.9485749261       -0.5578083355       -0.5708661260
         1.1145665048       -0.6760151208        2.8145984193
         1.0497196642        0.0793046658        2.1666512092
         1.0791899856       -0.9328213532        0.8139562902
        -0.2814233411        0.8839964738       -0.0196965504
         1.5447195292        1.0393716252        0.3798805162
        -0.8504024732       -0.6149129547        2.6893007735
        -0.5040066564       -0.8261655443       -0.1745134812
         0.4241169708        1.6251600169        2.6538491757
         0.6550650387        0.9924625030        1.0494328843
        -0.6045284774       -1.4590327445        3.0823219430
        -1.0529895512        0.1153807452        1.1786599237
