         0.4525140192        0.4086319406       -0.4578367859
         0.4520742866       -1.7001927569       -1.7797194917
        -1.6584446760       -0.4960409649        0.3567573081
        -1.4859550174       -0.2803393764        1.3476621913
        -1.3365794191       -1.2551607618        1.0036265086
         0.5337566226       -2.0301147539       -0.8697636340
        -0.7249361220       -0.7170524267       -2.4839168904
        -2.4536733735       -0.3694374459        0.9394150471
        -2.0791540898       -2.2078059142        0.2500079094
         0.7979084119       -1.3939788442       -0.1514972781
        -2.3030977915       -1.3069824220        0.6012358046
        -1.3873832619        0.2048369890       -0.3617623968
        -1.7634450486        0.6640494261        2.0217205722
        -1.4840653151        1.2456457747        1.2812540974
        -1.1238860327       -1.3748402552       -0.9796921506
        -2.0428160337        0.9319838753       -0.5354668356
         0.6397149482        0.1107703104        0.4581810412
        -0.7339424650       -3.4180304565       -0.4557408110
        -0.4154370228        0.2201144776        0.0169548186
         0.2541329180       -2.6863305705       -1.6079456725
        -0.6828387296       -0.4807059618        0.7369005212
        -0.7581484410       -1.7192155692       -2.2512807562
        -1.2253330477        0.4394406873        0.6497616093
        -1.8780486508        1.1786319583        0.3989784397
        -1.3061862841       -0.1212099373        2.2930065922
        -0.7017473373       -2.7013555128       -1.9804028151
        -0.7411349568        1.9226464717       -0.6527250893
        -0.9085511417        0.5366369621        1.6219785989
        -0.9414301628        1.0937830793       -0.1052477614
         0.6320792608        0.2644785179       -2.1668050458
         0.0118739125       -2.2545247337       -2.4167523511
        -2.6334027733       -0.5998353967       -0.0118818288
        -1.9462329063       -1.9984630729        1.2141346915
         0.3014067854        0.7560200785       -1.3860431034
        -0.5307569334       -1.4460065767        0.3684114633
        -0.6004986022        0.5278045974       -0.9573886700
        -0.0990447489        0.8670683292       -2.2580140917
        -0.3850296228       -3.3421243860       -1.3542586348
        -1.7585898591       -1.7335391237        2.1059789764
        -1.9061051714       -0.8415192088        2.4485806193
        -0.0197791886        1.2840407349       -0.5830464150
         1.0358292709       -0.7601553528        0.5440309956
        -0.4951312274       -0.3386522314        1.7025577110
        -2.1224168593       -1.4398817881       -1.2893971358
        -0.5954667467        1.1987921285        0.8987343208
        -1.4075142362       -0.1124343135       -2.1237841438
        -0.0375457263       -2.7931241786       -0.6535567808
         0.1674101392       -2.1295749069        0.0640065278
         0.2869224991       -0.5539324580        1.1260180209
         0.1646194245        0.9666812963        0.3246566963
        -0.2542782614       -2.1791217221        0.9610677207
        -0.2578626452       -0.0299825862       -1.8142341383
         0.7999212223       -0.0777368884       -1.2636606053
         0.9638857209       -0.4221572687       -0.3522779369
        -2.7852983717       -0.8202174936       -0.9448649963
        -2.2620665378       -0.1362348778        1.9205494528
        -2.1872617198       -1.0717470828        1.5647958624
        -2.1352805993       -0.4708713055       -1.5598629027
        -0.1482800897       -1.3595052457       -0.5995489283
        -1.4194352322       -2.8645035488       -0.1029115764
        -1.0367280759       -0.3716302194       -1.2384350315
         0.1227011033       -0.6716271074        0.1205813009
         0.5576457749       -0.6968922423       -1.9841609872
        -1.4247855222       -2.0608999736       -1.6329063059
        -1.6246498886        1.7928383783       -0.3232905502
        -0.3101641419        1.8135000220        0.1888966174
         0.0552494313       -1.2849441316       -2.5671849572
        -0.4181203302        1.4043230263       -1.4608060554
        -0.1515927141        0.3197375404        1.0106893664
        -1.0950727986       -1.0545795849        1.9903654509
        -1.3017607045        1.2638900306       -1.0825683858
        -2.1187738719        0.5176141569        1.1504173449
         0.1035441560       -0.2865428286       -2.7314049183
        -1.4267092556       -1.0774730793       -1.8839948281
        -1.8292165033       -0.7023082204       -0.6399801109
        -1.7101771404        0.3746378424       -1.3005257895
        -0.4831874014       -2.8497872019        0.2618958247
        -1.1297346505       -2.8102916749       -1.0791263672
        -2.4538123617       -1.5149528588       -0.3554437862
        -2.4594513665        0.0620562684       -0.7494039321
        -0.3215775568       -1.0463077791       -1.6097164708
        -1.1981605581        1.8534229063        0.5229855645
        -0.3516174644       -1.2763082083        1.3616268495
        -0.6824064807        0.2438168639       -2.6789922292
        -0.4169964688       -2.0376769964       -1.3248398646
         0.6781813129       -1.0443874881       -1.0638277343
        -0.0647818355       -0.3563527314       -0.8597178168
        -1.0099850767       -1.9837467250        1.5789420940
        -2.2564832859        0.2866519594        0.1905222883
        -1.7840701896       -2.1602491200       -0.6963845162
        -1.1785403657       -2.2502914398        0.6381760492
        -0.7924960957       -2.1496183564       -0.3566355912
        -0.9805747289        0.7358693695       -1.8855650819
        -0.8482791177       -0.6630403788       -0.2734417409
        -1.4947796352       -1.4611595135       -0.0072183627
         0.4121103540       -1.4699050396        0.7612582020
