        -0.7400063431        0.2217891126       -1.5695167672
         1.8324947051        1.8702365882        0.3806938190
        -1.0691897352        0.8526088686       -2.2921312938
        -0.1008693472       -1.6241384798       -2.1837571000
        -2.4275228083        1.6979295937       -1.8524934928
        -1.5395843868        0.0055450052       -2.2169266601
         1.6447222164       -0.0490610240       -0.1520282571
         0.3842777556        0.4714656375       -0.6896836617
         0.3409375679       -0.1019786901       -2.6121072554
        -0.6408971975        0.6148354293       -0.6025734474
         1.8010309127       -0.9510000163        0.3438928666
        -0.2539928561        2.6601487064        0.7769553544
         0.6961278633       -0.4309879546       -0.2982985593
         0.9082358884        0.9372985965       -1.4638804211
        -0.8434590208       -1.1109543204       -0.8123161834
        -0.0762386909       -1.5636698293       -1.2207863589
         1.0850631873        2.5318116733        0.1535405993
         1.7561031640        0.5937807200       -1.8708183336
        -1.8955740942        2.1568724371       -1.2451450004
         1.1750800426       -0.1752146738       -2.0711932105
        -1.1211052911        0.1982737267        0.2743922963
         1.5345732702       -0.9106891673       -0.7075492965
         1.8293681776        1.3860162118       -1.2738446609
        -0.0067441113        1.0762800306        0.0845058746
        -1.3213835671       -0.6197802416       -1.5124368913
         2.4779516228       -0.3743380189       -0.6847455759
        -0.7107256219        3.0883835566        0.0567852933
         1.9655156014       -0.0294444168        0.7673452574
        -0.3254269113        2.6662046561       -0.7014897190
         0.0598120095        2.0796315744       -1.4113313591
        -0.1313327798        0.0517004325        0.1158323521
        -0.3710425349        1.6457750062        0.8280627158
        -1.1597194383        1.1652531217       -1.3168066414
        -2.1344390267        1.2071835175       -1.1125310733
        -1.7166875262        0.3010119686       -1.3082034875
         2.0390136115       -0.2891907875       -1.5551195837
        -0.7594897614       -0.7220446308        0.0950259647
         0.6113560511       -0.9779147153       -2.2656448841
         1.0500005493        1.9777185163       -1.4496984217
        -1.5180192441        1.6917981263       -0.4875299516
        -0.0767912541        0.7586603887       -2.3394546923
         2.4907198803        0.4179718671       -0.0307471946
         2.1954156971        1.3013924753       -0.3402999594
         1.3935745817        2.3838669302        1.0466145512
        -1.0019955922        1.1750882744        0.2021753518
         1.0566192896       -0.4138795797        0.6968375031
        -0.3011487542       -0.7063865394       -1.8010576204
        -0.6100141115       -0.2887521790        0.9392900287
         0.7931561550       -1.6527844525       -0.7045964709
         0.6135496926       -0.8074078609       -1.2557511689
         0.0155722381       -1.1629878044       -0.3092227514
        -1.2121760847       -0.2085626066       -0.6141411542
         0.4666137183        1.5508357037       -2.1382814048
         1.2103858316        0.4622553611        1.1565364777
         0.9024981669        0.6937862976       -2.4305056632
         0.4233572490        1.0451963105        1.0353371967
         0.8133904455        0.4572970746        0.2637564856
         0.2868743829        0.0719811401        1.0701054989
         0.1348012733       -0.7873901796        0.5928874084
         0.7672556625       -1.7314546555       -1.6726283872
         0.1186855074        2.1073394088        0.0526192901
         2.1415712515        0.5103801699       -0.9518390380
        -1.2846777105        2.6266554404       -0.5797659906
         0.9345693438        1.5003894158        0.2492711564
         2.3248628357       -1.1694975747       -1.2553336799
        -0.9381234378        2.1858055778       -1.3687308135
         0.5028251726        2.0358089162        1.0383006490
        -2.0026867497        0.8820836067       -2.0302887628
         1.4610553909        1.9292010039       -0.5415331480
        -0.9180903834       -1.4901557232       -1.7146633654
        -0.2162508760       -0.8922656545       -2.7811680164
        -0.5245655715        1.6503438584       -0.6268827799
        -0.1276638283        1.0520538085       -1.3824750791
         0.8881203393       -1.2696252834        0.1937603685
         2.4294860010       -1.2665018112       -0.3181011613
        -1.0940020142       -0.8744009440       -2.4170041985
        -0.4884893200        0.6670943515        0.8881674300
         1.3302279895        1.4423605834        1.1439306968
         0.5148276845        1.5206018342       -0.7080667086
         1.4762477964       -1.0708654810       -1.7426121644
        -0.6348460788       -0.0349258155       -2.5556888229
         1.7661605284        0.8795352002        0.4484648227
         1.6326649494       -1.8151226900       -1.1500295124
        -0.9092952389        2.1688130526        0.1857477265
         0.2997314106        0.1100586636       -1.6412827393
         1.6298102473       -1.7616059452       -0.1991423060
        -1.5151287029        1.7347677992       -2.0536256346
         0.6418649650        2.9660694545        0.8783204961
         2.6213589937       -0.4766376212        0.2509690173
        -0.5249088123        1.6315256711       -2.0762032897
         0.6506954930        2.5161834357       -0.7245548811
         1.3248292108        0.8929866540       -0.5134181057
         1.2174274107        0.0131019208       -1.0904574494
         0.2428952913        3.0834427628        0.0218916686
        -1.6084626886        0.7084569419       -0.4296512750
        -0.2225229404       -0.3348445911       -0.8476729585
         1.4308413360        1.4498322106       -2.1619629299
