        -0.6650353532       -0.5585025464       -2.5879268188
         0.3587645993        1.4533022687       -1.3100932686
         0.4177388416       -1.3197697104       -1.3717653685
        -0.9514117193        0.1916635170        0.3124107892
        -0.6759242954        0.7412340700        1.1636867092
        -0.2208501173       -0.1831456660        0.9439377564
         1.3499422528       -0.8114038353       -1.2361064950
        -0.2333816875       -1.3845937830       -2.1612577239
        -1.5911755799        0.1947142341        1.0663544859
         0.2450930778       -1.1314432269        0.7419478347
         1.4743956995        0.0569042021       -0.7813895407
        -1.1397721946       -0.6867312171        0.8904295448
        -1.1561362400        0.6799261757       -0.5873470498
        -1.1439937338        1.6685002329        1.6837069141
        -1.3028905341        2.0707097969        0.7669622518
        -0.4085702863       -0.8313189787       -0.9460648717
        -2.0707340897        1.0631840263       -0.6805058332
         0.8537048342        1.5235683815       -0.4649729798
         0.9544196713       -2.4462237434       -1.1768819381
         0.6399712537        0.5475288562       -0.4525153246
         1.2832687535       -1.6844034756       -1.7095601270
        -0.0219674909        0.6406945889        0.3483192320
         0.1879236005       -2.2135842417       -1.7518780483
        -0.8818529479        1.2398566523        0.2586675078
        -1.8195619741        1.6171982215        0.0886257844
        -0.2810410051        1.2635319700        1.9169975350
         0.1406622525       -2.1322144775       -0.7487197236
        -1.3540889236        2.3496924101       -1.3964788702
        -0.4345978831        1.7283767359        1.0266859725
        -1.0700160842        1.7030614317       -0.6632939929
         0.6872336638        0.8910129521       -2.0717688124
         0.6389912146       -1.6915277250       -2.4498080028
        -1.8590965258       -0.3506932570        0.2872755094
        -0.4051098410       -0.9945939366        1.4803883310
        -0.7089423463        1.1339162848       -2.8921297463
         0.4336078109       -0.2816742173        0.1325079888
         0.2022880604        0.8645536168       -2.9224902327
        -1.0608529605        0.2543076774       -2.9712908416
         1.0079108711       -2.4825618247       -2.1070295119
        -0.9146281765       -0.1435239115        1.6977724547
        -0.5840755983        0.4530644002        2.3898296899
        -0.4422994942        2.0396820648       -1.4422104367
         1.5826585423        0.9095185472       -0.3401408025
         0.3248491769        1.1203799410        1.1403788055
        -1.3510440505       -1.3081160998       -0.8905485009
        -0.7429278655        2.6458092297       -0.7311850627
        -1.4352442746       -0.1343939664       -2.1537693192
         0.8733541881       -2.3575622915       -0.1873071414
         1.2631251604       -0.7505282735       -0.2358976968
         0.9663432270        1.0143270421        0.3964344649
         0.0517438534        2.0885909450       -0.5985053299
         1.1089878119       -0.6672396101        0.7372482460
        -0.3851542364        0.4124420369       -2.2510172447
        -0.1199495633        1.4322149172       -2.1895180615
         1.1754346835        0.9172697740       -1.2108430637
        -2.1128522360       -0.8758485710       -0.4829143692
        -1.3763861599        0.7343512043        1.8746796154
        -0.1528868907       -0.4236151094        2.1918395872
        -1.0122582028       -0.9297801601       -1.7363434329
         0.5208739386       -0.3822879002       -0.9101564209
        -0.6530694012       -1.5185208536        0.6691723549
        -0.8069429720        0.0218728679       -1.3968858974
        -0.3066643111        0.1103903707       -0.5055064075
         0.5690416485        0.0377020518       -2.5402490820
        -0.5660825010       -1.7370695458       -1.3101308204
        -2.0060688961        2.0355632931       -0.7799856626
        -0.5854849682        2.2134028145        0.1363035119
         0.2366018380       -0.8304573804       -2.8020609673
        -1.0354267539        1.7506070513       -2.1531468552
         0.1936423540        1.6125983272        0.2612019552
         0.1308242021        0.3615527635        1.7381628034
        -1.6735796246        1.4448287108       -1.4897801272
        -1.5892538541        1.1705418564        0.9820766206
        -0.1612892564        0.0225436503       -3.1698403518
        -1.8121325922       -0.5260772199       -1.3262657088
        -1.2385233822       -0.3600053942       -0.5250896868
        -1.3512296909        0.8373615605       -2.2370877568
         1.0225759286       -1.5547599028        0.2912712998
         0.9212742819       -0.8267589027       -2.1166483693
        -1.4043619565       -1.2099714260        0.0942916378
        -2.1338624420        0.0802213837       -0.5803956280
         0.0198807380       -0.4594568506       -1.8318322725
        -1.4685122130        2.4860000476       -0.1392900465
         0.7458619166        0.2242522271        0.9632797470
        -1.7193528950        0.4493266783       -1.3903799425
         1.1861146316       -1.6271378031       -0.7083293755
         1.0213898658        0.0527114731       -1.6577748079
         0.1283279184        0.4737189164       -1.3607523435
         0.4946577326       -0.5599001873        1.5151502451
        -1.8400057194        0.6301067010        0.1826333410
        -0.6225089507       -1.6615117175       -0.3087478991
         0.1228083552       -1.9894536518        0.2565093860
         0.3274695886       -1.2164519444       -0.3272382483
        -0.7268320858        1.0560567746       -1.4554529915
        -0.2208653473        1.1317722206       -0.5512135007
        -0.4984678393       -0.7319765799        0.0964978786
         1.3690148154        0.1298963209        0.2014391776
        -0.9896548092        1.2818426597        2.5239504333
