         0.6815085844        0.3059447519        1.4009025729
         0.3435130799        1.9652249415        1.1018874557
         0.4253167334       -0.6918981140        1.3657745879
         0.0731168549       -1.6560273672        1.3226505155
        -0.6643858423        0.5980470052        1.3698911577
        -0.0223770075        0.0901703310       -0.6799815064
        -0.4407936252        0.2120842792       -3.2820754358
        -0.0465304700       -2.4683555898       -1.5950446601
        -0.3167852886       -0.9946578724        1.8791323279
        -1.3600180483       -1.0736131776       -0.3638899157
        -1.0531570554        0.2922681204       -0.7112777855
        -0.2929988591       -1.0117075883        0.6862072056
         0.5127550249       -0.0297042603       -1.5584104058
         1.3021186834       -1.1101824356       -0.9937312824
        -0.7096136173       -0.6463807988       -1.0149324763
         0.2112672159        0.8805247217       -3.3756402760
         1.3462303794        0.9813067688       -0.2313152944
        -0.3241870653        1.8292775672       -2.0494991635
        -0.1778662738       -0.7572788926       -1.9140334475
        -1.5901975640        0.8001276239       -0.0454380866
        -1.1850474286        0.1977850613        0.6282294531
        -0.5703651877       -2.2598557874        0.9673585941
        -0.6725713581       -0.3722162292       -0.0163828474
        -0.9221104920        1.0721797492       -1.8297875976
        -2.0532462379        0.4036900618       -0.7872857895
        -1.5462830279        0.3455569930       -1.6181841725
         0.2252666728       -1.6774650430       -2.1777604658
        -1.0307461343        1.1806863313        0.6711271827
         0.8383691842        0.7530219907       -2.6659137272
         0.1440426069        1.0153715584        0.8120555889
         1.6691153409        0.0927522098        0.0296613122
         1.1840379473        2.2642671368       -1.3760130944
        -0.6393327496       -0.5956682170       -2.7798476687
         1.0728479339        1.9171562830       -0.4639991183
         0.5354128838        2.6481322608       -0.7941283257
        -1.0600181690       -1.9835053820       -0.6478034181
        -0.4929818507       -2.2619832144       -2.4111156529
         1.7541024856        0.4380265249       -0.9392845116
        -0.5198736238        0.1944092800       -1.5822036924
        -0.9207769108       -1.4403205478        1.2997497286
         0.3119249213       -0.8680874305       -0.9913947158
        -1.1896050434       -0.5266416985       -1.9163185466
        -0.4519293084        0.6491167794        0.0629902546
         1.0216074620       -0.2811298189        0.6790740625
        -1.7099670718       -0.4564632326       -1.0631342038
         0.9997794450       -0.1532849585       -0.6639750934
         0.5229628752        0.0029182115       -3.2598690586
         0.0289070585        0.1399885036       -2.4364623292
        -0.8433802106       -0.4165501886        1.3365419254
         1.0327905475        1.5347699122       -2.0182323973
         1.3712552609       -0.8627139962       -0.0283662822
         0.6975319464       -1.5201675082       -0.3164809126
         0.0968414860       -1.9500284747        0.3675386325
        -1.0040821380        0.2650028795       -2.4687272610
        -0.2705354488        2.2087135148       -0.4949526731
        -1.4817777987        1.1403163135       -1.0138439969
         0.1075783699        0.9551658591        1.8275134220
         1.9584331508       -0.4669730068       -0.6948507462
         0.3506800690        1.5942481441       -2.7034603236
        -0.1076407100       -0.0342647793        1.8483844759
        -0.4720150200        1.5608732890        1.3807992421
        -1.0202376498       -2.2570299083       -1.6174803180
        -0.4428557617        1.0310888925       -2.6954350436
         0.1983802102        0.9803109386       -1.8764388842
        -1.3258058139       -0.8071949588        0.5942501665
         0.4960801320        2.3360322846       -2.0268160352
         0.7346690468       -1.2543840820        0.6417265656
        -1.7127476683       -0.1933864619       -0.0994262866
        -0.3700347280       -1.5793187236       -1.3168735378
         0.3466812665       -0.8096648776       -2.7571284428
         0.3485479239        1.7429639415       -1.2101422768
         1.4678296671        1.3530438547       -1.1599908394
        -0.1876791519        2.5619737233       -1.4076194840
         0.0603076407       -2.2266520064       -0.6219894498
        -0.0762531307       -0.0012969528        0.7966943349
         0.2452916301        1.3744251284       -0.2001565724
        -0.3673357392        1.8676069107        0.4551144793
         0.8375289860       -0.9665947900       -1.8696103722
        -0.3391723793       -1.3300947933       -0.3088118631
        -0.3113204194       -1.4810556115       -2.9395147929
         0.6694298741        0.7992685549       -0.9529910203
        -0.6417009667       -2.7891252475       -0.9219584320
         1.0211765556       -0.1745432042       -2.4220623017
        -0.8327117315        1.8523351057       -1.2129987234
        -1.3653766660       -1.3396820368       -1.3357679940
         0.9777243019        1.5756857874        0.4861066765
         1.2866943479        0.6777274367        0.7245244530
        -0.3454653256        1.0195333779       -0.9763757006
        -0.9170415997        1.4725093477       -0.2834644435
         1.5100342826       -0.3177618728       -1.5477620928
        -0.6060018953       -2.5246586745        0.0197628756
         0.5670191594        0.4279722651        0.0864683343
        -0.9139981558       -1.4302080430       -2.2040108182
         0.6349141120       -1.7738092826       -1.2896783285
         0.3479213632       -0.5936958865        0.0071308204
         0.9050773676        1.2620000869        1.4125295056
         0.4414491374        2.3161874679        0.1572463455
        -1.0221438985       -1.7071727655        0.3417555507
         1.2529896839        0.6001132581       -1.7796700746
