         1.0000000000       39.4320000000        1.0000000000        9.0000000000        6.0000000000
        0.0507510928        0.0368728936        0.0821172016
        0.1594388832       -0.5851299522        0.2579781701
       -0.4599553888       -0.3341769331        0.2778444719
       -0.5072225332        0.3324507512        0.2579774273
       -0.1809487831       -0.5418147276       -0.2927820076
       -0.5712124501       -0.0046628823       -0.2927824424
       -0.1774621412        0.5352459815       -0.2871404777
        0.4575795811        0.3324507572       -0.3383015943
        0.4542105889       -0.3341769274       -0.2871397738
       -0.0064171856       -0.0046628788       -0.6418442477
