         1.0000000000       39.4320000000        1.0000000000        9.0000000000        6.0000000000
       -0.0000000049       -0.0000000044       -0.0000000033
       -0.0000007312       -0.0000000014        0.6554619119
        0.1811648930       -0.5575692094        0.2931316798
       -0.4742970242       -0.3445967289        0.2931309525
       -0.4742970303        0.3445967144        0.2931309494
        0.1811648830        0.5575692066        0.2931316748
        0.5862626299        0.0000000022        0.2931321262
       -0.1811648928       -0.5575692153       -0.2931316813
       -0.5862626397       -0.0000000109       -0.2931321327
       -0.1811649028        0.5575692007       -0.2931316863
        0.4742970144        0.3445967202       -0.2931309590
        0.4742970205       -0.3445967231       -0.2931309559
        0.0000007214       -0.0000000073       -0.6554619185
