         1.0000000000       39.4320000000        1.0000000000        9.0000000000        6.0000000000
        0.0395808620       -0.0303453632        0.1319525740
       -0.4674918448        0.3408583570        0.2853386208
       -0.1636721027       -0.5696458535       -0.2518632933
       -0.5815941806       -0.0176571167       -0.2408643089
       -0.1520058753        0.5657796062       -0.2326587208
        0.4992900019        0.3307428045       -0.2392000204
        0.4959403750       -0.3608558149       -0.2598261669
        0.0127726244       -0.0013455350       -0.5265083833
        0.0085634796        0.0110343136       -1.1863829449
       -0.4603327192       -0.3413227881       -0.8337622232
        0.1901354888       -0.5539296813       -0.8408308136
       -0.4593383138        0.3503239395       -0.8145496336
        0.2010005761        0.5568537354       -0.8211300622
        0.5972681163       -0.0009906859       -0.8330541526
