         1.0000000000       39.4320000000        1.0000000000        9.0000000000        6.0000000000
        0.2151827352       -0.8204721846        0.0103918044
        0.0486830634        0.0193762865        0.7416185484
        0.1570886299        0.0292178721       -0.7260944674
       -0.4815392122        0.0079482112       -0.5882351862
       -0.5627408650        0.0005763294        0.5111615199
       -0.6684750319        0.3173691860       -0.0472456606
       -0.6052709344       -0.3700616411       -0.0471868843
        0.4741608578        0.3328894740        0.3590654402
        0.5214389665        0.3371816111       -0.2810372570
        0.4789179687       -0.3328405056        0.3699148864
        0.5283941889       -0.3283488132       -0.2999482459
       -0.1077234444       -0.5314133691       -0.4741660634
       -0.1107380050        0.5300244982       -0.3480127064
       -0.1611858680        0.5254445953        0.3350055881
       -0.1756918745       -0.5375838744        0.4460648130
       -0.0169995650       -0.0403069154       -0.0015259140
