         1.0000000000       39.4320000000        1.0000000000        9.0000000000        6.0000000000
        0.5553159664        0.0000000026       -0.7165729650
       -0.5553159663       -0.0000000024       -0.7165729650
       -0.3257824021       -0.5522589383        0.4598091787
        0.3257824070       -0.5522589354        0.4598091787
        0.3257824020        0.5522589382        0.4598091788
       -0.3257824071        0.5522589353        0.4598091788
       -0.6523869989       -0.0000000030        0.4021604528
        0.6523869988        0.0000000029        0.4021604529
        0.0000000034       -0.7487961812       -0.0785753099
       -0.0000000033        0.7487961813       -0.0785753098
        0.0000000015       -0.3336744897       -0.5858073780
       -0.0000000014        0.3336744899       -0.5858073779
       -0.0000000001       -0.0000000001        0.7058750952
       -0.5431015982       -0.3518536160       -0.1590953122
        0.5431015982        0.3518536160       -0.1590953120
       -0.5431016014        0.3518536112       -0.1590953121
        0.5431016014       -0.3518536111       -0.1590953121
        0.0000000000        0.0000000000        0.0488598381
