         1.0000000000       39.4320000000        1.0000000000        9.0000000000        6.0000000000
        0.0065646171       -0.0064122719        0.0843803082
        0.0013688881       -0.0117867477        0.7326509046
        0.1924179198       -0.5697985982        0.3604032539
       -0.4610012120       -0.3634691260        0.3674540142
       -0.4790613138        0.3452405073        0.3375140551
        0.2013446487        0.5419932211        0.3802692723
        0.5960031940       -0.0180758634        0.3682119378
       -0.1601125242       -0.5923053214       -0.2387329310
       -0.6050374949       -0.0654015014       -0.2333072941
       -0.1182204015        0.6001035982       -0.2238882170
        0.5187335953        0.3357137653       -0.2255984210
        0.5005616129       -0.3632610063       -0.2342845790
        0.0081081651        0.0013868393       -0.5464430512
        0.0060847981        0.0120414112       -1.1946660320
       -0.7694268436        0.5656172094       -0.2259080083
       -0.4580453925       -0.3485342066       -0.8405420940
        0.1953438986       -0.5550144551       -0.8353974576
       -0.4762946462        0.3592196957       -0.7931786973
        0.2043004682        0.5569281406       -0.8277268358
        0.5989291728       -0.0032917203       -0.8275887736
