         1.0000000000       39.4320000000        1.0000000000        9.0000000000        6.0000000000
        0.2006446977       -0.3219485635        0.9060539484
        0.2006446976        0.3219485637        0.9060539484
       -0.7835564701       -0.0000000001        0.2141497682
        0.0513125214        0.7330059089        0.4239389508
        0.0513125216       -0.7330059089        0.4239389509
       -0.1753957473       -0.0000000001       -0.9962931313
       -0.2354240315       -0.5586313054       -0.6470196056
       -0.2354240316        0.5586313052       -0.6470196057
        0.3864018157        0.3310872715       -0.7900286510
        0.3864018158       -0.3310872715       -0.7900286509
       -0.4335161976       -0.3379789162        0.6777183125
       -0.4335161977        0.3379789161        0.6777183125
        0.6018659706       -0.3370793149        0.3639900689
        0.6018659705        0.3370793151        0.3639900689
       -0.6432672542       -0.0000000001       -0.4632912324
        0.6507872019        0.0000000001       -0.2280353555
        0.2819824032        0.5887252022       -0.1798272544
        0.2819824034       -0.5887252022       -0.1798272543
       -0.3868102698       -0.4733369166       -0.0057174451
       -0.3868102699        0.4733369165       -0.0057174452
       -0.0034110819        0.0000000000       -0.3424274996
        0.0219295325        0.0000000000        0.3176808014
