         1.0000000000       39.4320000000        1.0000000000        9.0000000000        6.0000000000
       -0.3383135604        0.0550262513        0.9839908068
       -0.3383135604       -0.0550262512       -0.9839908068
       -0.3603397860       -0.5889821115       -0.6333878700
       -0.3603397860        0.5889821116        0.6333878700
        0.1963439449       -0.3162418754        0.9632912660
        0.1963439450        0.3162418754       -0.9632912660
        0.1597374351        0.7894281708        0.2955772123
        0.1597374350       -0.7894281708       -0.2955772123
       -0.3722692250        0.5219793316       -0.6761253856
       -0.3722692251       -0.5219793315        0.6761253855
        0.6646777626        0.1518122518       -0.5459921854
        0.6646777626       -0.1518122519        0.5459921854
        0.2742502578       -0.3601685143       -0.8135423240
        0.2742502578        0.3601685143        0.8135423240
       -0.6624204769        0.0193283937        0.3649208845
       -0.6624204769       -0.0193283937       -0.3649208845
        0.2177601271        0.6527838419       -0.3722026911
        0.2177601270       -0.6527838419        0.3722026911
        0.5673170486       -0.3222061486       -0.0989220673
        0.5673170486        0.3222061486        0.0989220673
       -0.3543032280       -0.4859125414        0.0177016370
       -0.3543032279        0.4859125414       -0.0177016371
        0.0075597001       -0.0013447203        0.3429894777
        0.0075597001        0.0013447204       -0.3429894777
