         1.0000000000       39.4320000000        1.0000000000        9.0000000000        6.0000000000
        0.0000000000        0.0296440920        0.5930140096
        0.6801393404        0.0297248303        0.5499537538
       -0.6801393404        0.0297248303        0.5499537538
        0.3401395916        0.6186216697        0.5499537538
       -0.3401395916        0.6186216697        0.5499537538
        0.3399997488       -0.5594142241        0.5499537538
       -0.3399997488       -0.5594142241        0.5499537538
        0.0000000000        0.0296440920       -0.5930140096
        0.6801393404        0.0297248303       -0.5499537538
       -0.6801393404        0.0297248303       -0.5499537538
        0.3401395916        0.6186216697       -0.5499537538
       -0.3401395916        0.6186216697       -0.5499537538
        0.3399997488       -0.5594142241       -0.5499537538
       -0.3399997488       -0.5594142241       -0.5499537538
        0.3365443943       -0.1646599047        0.0000000000
       -0.3365443943       -0.1646599047        0.0000000000
        1.0079120424       -0.1713595304        0.0000000000
       -1.0079120424       -0.1713595304        0.0000000000
        0.0000000000       -0.7801271493        0.0000000000
       -0.6780302644       -0.7427315303        0.0000000000
        0.6780302644       -0.7427315303        0.0000000000
        0.0000000000        0.4182520853        0.0000000000
        0.7012824662        0.4345297126        0.0000000000
       -0.7012824662        0.4345297126        0.0000000000
       -0.3298817780        1.0030233367        0.0000000000
        0.3298817780        1.0030233367        0.0000000000
