         1.0000000000       39.4320000000        1.0000000000        9.0000000000        6.0000000000
        1.2407655843        0.8309672284        0.2109006601
        0.9423159691        0.8313014198       -0.3620608836
        0.7719817854       -0.6084524248        1.0647609654
        0.7772180658       -0.8171460389       -0.8875399674
        0.2540841612       -0.4472080098        0.7191628703
        1.3308472734       -0.8043289835       -0.5604525517
        0.4673113978       -0.2463652954       -0.9594289835
        1.2825253584       -0.2018582134        1.0327104109
        1.3166623881       -0.8010782711        0.7481409110
        0.2141647767       -0.7140201953       -0.5614019774
        0.3766472348        0.5649812842       -0.1465444959
        1.6484524241        0.3277003973        0.0772264952
        0.6613176368        0.6168026266        0.4654486853
        1.3813885702        0.3616469209       -0.5438877251
        0.7065989414       -0.9545337072        0.4734118890
        0.7270003406       -1.0341969544       -0.2363042338
        1.1511763266       -0.2186267236       -0.8636177351
        0.6602124019        0.0702451418        0.9050122793
        1.5790549865       -0.2602365576        0.4222968904
        0.1970529976       -0.0600102952       -0.3626252230
        1.2368310410        0.3018630416        0.6167725730
        0.7229051743        0.2724096570       -0.6522291648
        1.2598104543       -0.7913955704        0.0919677208
        0.2974378771       -0.5949958347        0.0810837772
        0.3414931103        0.0564186796        0.2875652136
        1.4645988526       -0.2306027231       -0.2434266900
        0.7992734768       -0.3724316763       -0.3162839670
        0.9013337686       -0.3156065903        0.4150686497
        0.9670046242        0.2244736677       -0.0110643926
