         1.0000000000       39.4320000000        1.0000000000        9.0000000000        6.0000000000
       -0.0000000006       -1.0841261788       -0.0884885999
        0.0000000001        0.1505960050        1.0018154844
       -0.9250301700        0.3245743479       -0.3859280813
        0.9250301703        0.3245743470       -0.3859280813
       -0.0000000002       -0.5054486468        0.8911069846
       -0.6712441279        0.8200995916       -0.0006169320
        0.6712441287        0.8200995909       -0.0006169320
       -0.5051320784       -0.7901547186       -0.3730625291
        0.5051320776       -0.7901547191       -0.3730625291
       -0.0000000003       -0.5688545642       -0.8147541876
        0.9295582820        0.2839613239        0.2915672451
       -0.9295582817        0.2839613249        0.2915672452
       -0.3493485431        0.6893931018       -0.5776247310
        0.3493485438        0.6893931015       -0.5776247310
       -0.5773832014       -0.1383174457        0.6852323940
        0.5773832012       -0.1383174462        0.6852323940
       -0.5642623219       -0.1862302119       -0.6344518659
        0.5642623217       -0.1862302125       -0.6344518659
        0.7615680769       -0.2891034935        0.0055716497
       -0.7615680772       -0.2891034928        0.0055716497
       -0.3431816593       -0.6903170788        0.3312122147
        0.3431816586       -0.6903170791        0.3312122147
        0.0000000001        0.1346508360       -0.7197230351
       -0.3423405201        0.5089670603        0.5303080327
        0.3423405207        0.5089670600        0.5303080327
        0.0000000004        0.8173475019        0.0052535786
        0.0000000000       -0.0799862350        0.3842987217
       -0.3418817083        0.2241468200       -0.1017096876
        0.3418817085        0.2241468197       -0.1017096876
       -0.0000000002       -0.3782173091       -0.2005043656
