         1.0000000000       39.4320000000        1.0000000000        9.0000000000        6.0000000000
       -0.6809160886        0.6917263364        0.5017835734
        0.9395106242        0.2438274625        0.5017835730
       -0.2585945353       -0.9355537988        0.5017835733
        0.2213665430        0.3196225705       -0.9911259407
        0.1661179938       -0.3515203352       -0.9911259407
       -0.3874845375        0.0318977648       -0.9911259406
       -0.1911681581       -0.9711891673       -0.1417800083
        0.9366585698        0.3200381024       -0.1417800085
       -0.7454904118        0.6511510650       -0.1417800081
        0.7022306090       -0.3450531162        0.6382268334
       -0.6499400686       -0.4356229885        0.6382268337
       -0.0522905400        0.7806761047        0.6382268336
       -0.7723825196       -0.5842941331       -0.0297438612
        0.8922048223       -0.3767558168       -0.0297438616
       -0.1198223028        0.9610499499       -0.0297438614
       -0.2824357115        0.5897813570       -0.6032983382
        0.6519834934       -0.0502941775       -0.6032983384
       -0.3695477823       -0.5394871795       -0.6032983381
       -0.8222214335        0.0754003788        0.2601224366
        0.4764093603        0.6743644596        0.2601224364
        0.3458120733       -0.7497648383        0.2601224364
       -0.3565687355        0.1608372031        0.7609516885
        0.3175734718        0.2283789817        0.7609516884
        0.0389952642       -0.3892161848        0.7609516884
        0.3545362025        0.5722341861       -0.3779900842
        0.3183012407       -0.5931544510       -0.3779900842
       -0.6728374434        0.0209202649       -0.3779900839
       -0.0000000001        0.0000000000       -0.4333031685
       -0.1963004279       -0.3400023148        0.1272880906
        0.3926008560        0.0000000000        0.1272880904
       -0.1963004279        0.3400023148        0.1272880906
