         1.0000000000       39.4320000000        1.0000000000        9.0000000000        6.0000000000
       -1.0102339760        0.4857131135        0.0000000001
        1.0102339760        0.4857131134        0.0000000000
        0.0000000000       -0.4857131135        1.0102339760
       -0.0000000001       -0.4857131134       -1.0102339760
       -0.5385804083       -0.5782189210        0.6593624637
        0.5385804082       -0.5782189210       -0.6593624638
        0.5385804082       -0.5782189211        0.6593624637
       -0.5385804083       -0.5782189209       -0.6593624638
        0.6593624638        0.5782189210       -0.5385804082
        0.6593624638        0.5782189209        0.5385804083
       -0.6593624637        0.5782189211       -0.5385804082
       -0.6593624637        0.5782189210        0.5385804083
        0.3496914213        0.8783039425        0.0000000001
       -0.0000000001       -0.8783039425       -0.3496914213
       -0.3496914212        0.8783039426        0.0000000001
       -0.0000000001       -0.8783039426        0.3496914212
       -0.3639403107        0.0622052768        0.8473653941
       -0.8473653941       -0.0622052767       -0.3639403107
        0.3639403107        0.0622052767        0.8473653941
       -0.8473653941       -0.0622052768        0.3639403107
        0.8473653941       -0.0622052769        0.3639403107
        0.8473653941       -0.0622052769       -0.3639403107
        0.3639403107        0.0622052769       -0.8473653941
       -0.3639403107        0.0622052769       -0.8473653941
        0.4944372322       -0.5313188815       -0.0000000001
        0.0000000000        0.5313188815       -0.4944372322
       -0.4944372323       -0.5313188814        0.0000000000
        0.0000000001        0.5313188814        0.4944372323
        0.0000000000       -0.2198602058       -0.3647966707
        0.3647966707        0.2198602058        0.0000000000
       -0.3647966706        0.2198602058        0.0000000000
        0.0000000000       -0.2198602058        0.3647966706
