         1.0000000000       39.4320000000        1.0000000000        9.0000000000        6.0000000000
       -0.1862694149       -0.5586861630       -0.6776753934
       -0.2017699910       -0.5774530149        0.0000503928
        0.4649948448       -0.3507378891       -0.7049916734
        0.4701837510       -0.3419661022       -0.0001073315
       -0.0119474140        0.0030077868       -0.3461143053
       -0.0188583659       -0.0022908041       -1.0302146628
       -0.5935688530       -0.0141350648       -0.6830391101
        0.4642773084        0.3514777802       -0.7058277906
       -0.1938204628        0.5598310473       -0.6892613547
       -0.6118811121       -0.0365844620        0.0002617383
        0.4752930735        0.3429657180        0.0000063073
       -0.1928905326        0.5764889190        0.0002417667
       -0.1858714051       -0.5589140181        0.6777732303
        0.4654088049       -0.3509748755        0.7047769471
       -0.0117440960        0.0028913901        0.3462986883
       -0.0182532930       -0.0026371999        1.0304011664
       -0.5931675692       -0.0143647941        0.6835592235
        0.4646918290        0.3512404729        0.7058495747
       -0.1934155371        0.5595992330        0.6897396758
        0.9485339384       -0.0000297283        0.3728329442
        0.9483148716        0.0000956844       -0.3732134833
        0.2939833648        0.9003791608        0.3424119923
        0.2937823652        0.9004942302       -0.3421054150
        0.2923456488       -0.9001795038       -0.3393238283
        0.2925448373       -0.9002935364        0.3390258525
        0.9355376721       -0.6923598487       -0.3385637003
        0.9357363238       -0.6924735741        0.3379578650
        0.9370728166        0.6935473127       -0.3394700756
        0.9372721371        0.6934332045        0.3393292890
        1.3885368216        0.3369777360       -0.0002628614
        1.3887401769       -0.3366110697       -0.0003761534
       -0.7665312031        0.5241917929        0.3364778077
       -0.7667285720        0.5243047838       -0.3356748959
