         1.0000000000       39.4320000000        1.0000000000        9.0000000000        6.0000000000
        1.0201036107        0.1143972476       -0.3025443145
        1.0201036107       -0.1143972477        0.3025443144
       -0.4109808829       -0.9406342652       -0.3025443144
       -0.6091227279        0.8262370176       -0.3025443144
       -0.6091227280       -0.8262370175        0.3025443145
       -0.4109808827        0.9406342653        0.3025443145
        0.0790103433       -0.3812194416       -1.1046057293
        0.2906405491       -0.2590346853        1.1046057293
        0.0790103434        0.3812194416        1.1046057293
       -0.3696508925        0.1221847563       -1.1046057293
       -0.3696508925       -0.1221847562        1.1046057293
        0.2906405491        0.2590346853       -1.1046057293
        0.1174976300        0.9135296122       -0.1384587896
       -0.8498886663       -0.3550088736       -0.1384587896
        0.7323910363       -0.5585207386       -0.1384587896
        0.7323910364        0.5585207384        0.1384587896
       -0.8498886662        0.3550088738        0.1384587896
        0.1174976298       -0.9135296122        0.1384587896
       -0.4833944214        0.4354712707        0.7174769347
       -0.1354319723       -0.6363674843        0.7174769347
       -0.1354319723        0.6363674843       -0.7174769347
       -0.4833944215       -0.4354712706       -0.7174769347
        0.6188263937        0.2008962136        0.7174769346
        0.6188263937       -0.2008962137       -0.7174769347
        0.4929441103       -0.4798856939        0.4963010396
        0.1691211466       -0.6668449691       -0.4963010396
        0.1691211467        0.6668449691        0.4963010396
       -0.6620652570       -0.1869592752        0.4963010396
       -0.6620652570        0.1869592753       -0.4963010396
        0.4929441103        0.4798856938       -0.4963010396
        0.0000000000        0.0000000000       -0.5464727998
        0.0000000000        0.0000000000        0.5464727998
       -0.2032798711        0.3520910649        0.0000000000
       -0.2032798711       -0.3520910649        0.0000000000
        0.4065597422        0.0000000000        0.0000000000
