         1.0000000000       39.4320000000        1.0000000000        9.0000000000        6.0000000000
        0.3480845433        0.4424947825       -0.0670315051
        0.3479310256        1.1194111590       -0.0602978380
       -0.3381297631        0.4439252458       -0.0650867817
       -1.0134287175        0.4418762257       -0.0632209556
       -0.3310168014        1.1188746027       -0.0594871410
       -0.3465097956       -0.2434358001       -0.0721877491
       -1.0198106928       -0.2404933125       -0.0673775253
       -0.3469330759       -0.9333911920       -0.0664712115
        0.3531000686       -0.2473254277       -0.0719843635
        0.3494598270       -0.9436090307       -0.0775329397
        0.0035862471        0.1028687456        0.4247781000
       -0.7003508535        0.0962082880        0.4346931824
        0.0162399611        0.8000462745        0.4375314883
        0.0055471730       -0.5785501197        0.4117535231
       -0.6695781273        0.7794401660        0.4169963409
       -0.6862740158       -0.5933897025        0.4158325800
        0.0050190083        0.1001085125       -0.5528026275
        0.7156598825        0.0992648860       -0.5565509823
       -0.7046849225        0.1023036035       -0.5679238404
        0.0081799643        0.8087000302       -0.5643401998
        0.0027215177       -0.6082326602       -0.5645804992
        0.6898603607        0.7768162359       -0.5462805042
       -0.6728918567        0.7831952126       -0.5431170767
       -0.6803029543       -0.5806619254       -0.5499183870
        0.6890607752       -0.5795049845       -0.5534190434
       -0.3329456994        0.4444908934        0.8991542824
       -0.3489052370       -0.2438845528        0.9150502668
        0.3486690717        0.4378656760       -1.0255216953
       -0.3320939392        0.4417339094       -1.0274916640
       -0.3343448046       -0.2385295690       -1.0283999465
        0.3459396099       -0.2380543438       -1.0263545708
        0.2285880305        0.0982494869        1.0576827791
        0.5817984038        0.4480154476        0.5844745544
        0.5996684334       -0.2372582884        0.5891726881
        0.9286195006        0.1005192406        0.0915392487
        0.9048161743        0.7749610485        0.0903025459
        0.9110632090       -0.5855541748        0.0876837973
       -0.3261753173       -0.9202313400        0.8846393148
        0.0025971774       -1.2496438121        0.4173564081
        0.2297519746       -0.5801487738        1.0500388511
        0.5684146343       -0.9194706628        0.5686990962
