         1.0000000000       39.4320000000        1.0000000000        9.0000000000        6.0000000000
        0.3450503472        0.4375246810       -0.0660827353
        0.3489299244        1.1159044144       -0.0600774257
       -0.3412471672        0.4404933718       -0.0641048696
       -1.0156393103        0.4523101631       -0.0632135914
       -0.3299742946        1.1176749720       -0.0603811167
       -0.3597786393       -0.2527371023       -0.0712527538
       -1.0370594808       -0.2303836897       -0.0670262252
       -0.3328020024       -0.9471624836       -0.0839639936
        0.3445143567       -0.2543082516       -0.0694680977
        0.3542544688       -0.9479518840       -0.0759038395
       -0.0022257732        0.0960438283        0.4252772936
       -0.7042073390        0.1066794721        0.4374456798
        0.0157773157        0.7966770492        0.4361523359
       -0.0064419019       -0.5894768690        0.4148427371
       -0.6690304978        0.7858696915        0.4179936662
       -0.7009571854       -0.5751722725        0.4413374191
       -0.0000358945        0.0957277425       -0.5509614233
        0.7102985317        0.0949210895       -0.5548237328
       -0.7076695419        0.1036613478       -0.5674527779
        0.0078877795        0.8051139631       -0.5626885985
        0.0024636684       -0.6073528418       -0.5708662919
        0.6891631819        0.7721269882       -0.5455385004
       -0.6727819054        0.7847640110       -0.5438249769
       -0.6890554889       -0.5820127971       -0.5635749552
        0.6867535245       -0.5814866555       -0.5530192184
       -0.3318300299        0.4477073608        0.9003444848
       -0.3473395465       -0.2390494486        0.9251640373
        0.3456236394        0.4350394160       -1.0243565421
       -0.3340829231        0.4425368424       -1.0270968744
       -0.3354428816       -0.2349717897       -1.0337503690
        0.3449406901       -0.2386639119       -1.0287888920
        0.2295584737        0.1012863197        1.0584483902
        0.5793906265        0.4452118382        0.5836849533
        0.5931969924       -0.2393022973        0.5871222167
        0.9247565192        0.0962483107        0.0909003894
        0.9039768390        0.7701127166        0.0901174752
        0.9100323253       -0.5862759459        0.0875157725
       -0.3288339192       -0.9264932844        0.9039167511
        0.0062542975       -1.2650720746        0.4257968664
        0.2296885265       -0.5779103473        1.0514332980
        0.5668351439       -0.9185689804        0.5703763888
       -0.6624127636       -1.2410432750        0.4165127350
       -0.9982656387       -0.9002704094       -0.0601852917
