         1.0000000000       39.4320000000        1.0000000000        9.0000000000        6.0000000000
        0.7995327143        0.2760715729       -1.0750869749
       -1.1810430577       -0.6618178103       -0.1959966652
       -1.2132886658       -0.4452959767        0.4126763585
        1.1693023045        0.4008212371       -0.5592262332
        1.0457869520       -0.4925958524        0.4499231769
       -0.7338474196        0.8079988378        0.5893706411
       -0.0903477261       -0.2717395694        1.1160728506
        0.6014229853        0.7884892776        0.5866844852
        0.9754736389       -0.7074993153       -0.1681611448
       -1.0212183908        0.6612466617        0.0157528130
       -0.5980448468       -0.9079418671       -0.3530812334
        0.1876958900        0.4930368224       -1.0140844518
       -0.4099581417        0.9941474397        0.0075611636
        0.5045150232       -0.8985406964        0.3074755825
        0.6034447736        0.8116309389       -0.5885999693
       -0.6852819426       -0.8943767423        0.3159419849
       -0.3136346103        0.0668635083       -0.9355019129
       -0.1988919869       -0.5850806678       -0.7720905651
       -1.2039144222        0.0177439690       -0.1320602601
        0.9561046826       -0.2683051299       -0.6935710523
        0.2947382475        1.0068657925        0.0076713153
       -0.0907640348       -0.8006268615        0.6719128113
       -0.7918610319       -0.3040370532       -0.6141146074
        0.3124871582       -0.1806592893       -0.9830224392
        1.1178721972       -0.0451359245       -0.0673838290
       -0.9886710331        0.1757716045        0.4978454562
        0.4714349358       -0.3972399609        0.7745098050
       -0.0675181636        0.8056414058        0.5712259763
       -0.6464038721       -0.3763709718        0.7559580493
        0.8737485600        0.6062398594        0.0014898433
        0.4009386868       -0.6209515671       -0.4842188489
        0.8338781361        0.1488943960        0.5234226550
       -0.4180597475        0.2715408085        0.8619659222
       -0.6813982131        0.3373781101       -0.4501922528
        0.2595966960        0.2624789882        0.8649023209
       -0.0502203743        0.5912648921       -0.4044528175
       -0.0716928393       -0.7145317028       -0.0017271319
       -0.4203803497        0.3510660932        0.1692862852
        0.4963706190       -0.2742321064        0.0838917977
        0.5238889876        0.1710287561       -0.4403146528
       -0.6412717246       -0.2897147886        0.0492289608
        0.2630463673        0.3566558248        0.1717063476
       -0.0808060340       -0.1723920837        0.4354666836
       -0.0927619275       -0.0937918593       -0.3090562437
