         1.0000000000       39.4320000000        1.0000000000        9.0000000000        6.0000000000
        0.0292678766       -0.0000018156        0.0473556009
        0.0088675882       -0.0000003869        0.7145482420
        0.2165495775       -0.5728155285        0.3503862277
       -0.4782383221       -0.3439891336        0.2963441254
       -0.4782383332        0.3439865525        0.2963426519
        0.2165495589        0.5728132014        0.3503837739
        0.6351453630       -0.0000012058        0.3274888970
       -0.1736960815       -0.5581140694       -0.2810471638
       -0.5839036688       -0.0000025547       -0.2930463211
       -0.1736960996        0.5581090247       -0.2810495546
        0.4789342645        0.3439853010       -0.2952200918
        0.4789342757       -0.3439903852       -0.2952186182
       -0.0009756062       -0.0000033169       -0.6533141818
       -0.5256943401       -0.3431545713        0.9537328564
       -0.5256943513        0.3431548047        0.9537313864
       -0.3231016460       -0.9184233408        0.5805100693
       -0.9701015033       -0.6929257486        0.5742550310
       -1.0011158545       -0.0000006847        0.5831421215
       -0.9701015257        0.6929243421        0.5742520627
       -0.3231016758        0.9184219820        0.5805061350
        0.6637187182       -0.9184246311       -0.0293759257
        0.0043080274       -1.1272023183        0.0069719336
       -0.6815606410       -0.9272975453       -0.0074331849
       -1.0949473027       -0.3556756233       -0.0120100145
       -1.0949473142        0.3556717012       -0.0120115382
       -0.6815606711        0.9272936562       -0.0074371572
        0.0043079908        1.1271985132        0.0069671050
        0.6637186885        0.9184206917       -0.0293798600
        1.0881426649        0.3431526946       -0.0436706030
        1.0881426760       -0.3431566815       -0.0436691330
        0.2981561700       -0.9272988263       -0.6129289608
       -0.3597615415       -1.1192704223       -0.5821074644
       -0.7840843134       -0.5733226827       -0.6049018365
       -1.1744640850       -0.0000032143       -0.5965358590
       -0.7840843320        0.5733162309       -0.6049042925
       -0.3597615778        1.1192640819       -0.5821122591
        0.2981561399        0.9272923752       -0.6129329331
        0.9474737369        0.6929218348       -0.6108697076
        0.9692940537       -0.0000032611       -0.6346331200
        0.9474737593       -0.6929282560       -0.6108667393
       -0.1903840557       -0.5733234590       -0.9718272523
       -0.6046678474       -0.0000040229       -0.9783782037
       -0.1903840743        0.5733154546       -0.9718297083
        0.4789371145        0.3556696433       -0.9847215730
        0.4789371260       -0.3556776812       -0.9847200494
       -0.0083157897       -0.0000047391       -1.3172521507
