         1.0000000000       39.4320000000        1.0000000000        9.0000000000        6.0000000000
        0.0381033248        0.0048880201        0.0591185566
        0.0102742269        0.0030345362        0.7219549340
        0.2040836975       -0.5814153666        0.3556142156
       -0.4758589609       -0.3420732042        0.2990850685
       -0.4843222521        0.3465544651        0.2972353546
        0.1770853769        0.5961760834        0.3623430602
        0.6536542183       -0.0525115487        0.3318640236
       -0.1670229204       -0.5538477686       -0.2756238282
       -0.5764144423        0.0028705349       -0.2901713134
       -0.1651552295        0.5646993821       -0.2728939209
        0.5059077828        0.3587315208       -0.2438881738
        0.4873941386       -0.3400716102       -0.2915436292
        0.0143562582        0.0112220990       -0.6384470336
       -0.5258546933       -0.3429994510        0.9552001157
       -0.5313836649        0.3438702615        0.9531387457
       -0.3333131460       -0.9232361283        0.5841015622
       -0.9726479979       -0.6919173151        0.5736394913
       -1.0042704079       -0.0041577994        0.5840481470
       -0.9908015321        0.6829035031        0.5728050433
       -0.3631348869        0.9327840673        0.5897067203
        0.8336275940        0.5758427620        0.4292618409
        0.6533080825       -0.9232007314       -0.0275340338
       -0.0049889124       -1.1323179466        0.0077167014
       -0.6813210458       -0.9241545298       -0.0080698701
       -1.0917983019       -0.3554516068       -0.0139411883
       -1.1005356944        0.3484904481       -0.0148396848
       -0.6983239648        0.9221633954       -0.0107158094
       -0.0385247841        1.1505246193        0.0162847797
        0.6194770202        0.9860757976       -0.0370173520
        1.1485337011        0.2830571123       -0.0640761104
        1.1044830908       -0.3888665224       -0.0516445689
        0.2954542398       -0.9271836688       -0.6111662452
       -0.3603676100       -1.1137098135       -0.5831584454
       -0.7788346758       -0.5698211917       -0.6039765445
       -1.1676836122       -0.0015244773       -0.6004174887
       -0.7809344538        0.5713750577       -0.6038562037
       -0.3664800152        1.1192048904       -0.5828332355
        0.2939500020        0.9262302145       -0.6168661238
        0.9544747735        0.6986648764       -0.5761798710
        0.9691169581       -0.0087270222       -0.6392801389
        0.9411737023       -0.7065122486       -0.6192253513
       -0.1843659302       -0.5625402637       -0.9654320948
       -0.5924626206        0.0031629050       -0.9742028653
       -0.1883031944        0.5758612829       -0.9679231565
        0.4907871596        0.3627287302       -0.9573918932
        0.4803200350       -0.3563998842       -0.9831245765
        0.0060753717        0.0112750275       -1.3064677592
