         1.0000000000       39.4320000000        1.0000000000        9.0000000000        6.0000000000
        0.1236897576        0.3537192584       -0.1625011234
        0.1178204483        1.0356628109       -0.1547901425
       -0.5673463345        0.3440726019       -0.1821929685
       -1.2434267041        0.3406587899       -0.2057048368
       -0.5685435802        1.0231032777       -0.1848924828
       -0.5673463345       -0.3440726019       -0.1821929685
       -1.2434267041       -0.3406587899       -0.2057048368
       -0.5685435803       -1.0231032777       -0.1848924828
        0.1236897576       -0.3537192584       -0.1625011234
        0.1178204483       -1.0356628109       -0.1547901425
       -0.2473795152        0.0000000000        0.3250022469
       -0.9469548541        0.0000000000        0.3079865399
       -0.2477341310        0.7084526222        0.3254681340
       -0.2477341310       -0.7084526222        0.3254681340
       -0.9260049488        0.6823556614        0.2847330957
       -0.9260049488       -0.6823556614        0.2847330957
       -0.2063968890        0.0000000000       -0.6564011126
        0.4954682620        0.0000000000       -0.6509362681
       -0.9128063697        0.0000000000       -0.6947939572
       -0.2032428629        0.7089383931       -0.6690873620
       -0.2032428629       -0.7089383931       -0.6690873620
        0.4843209359        0.6862987159       -0.6362911344
       -0.8866176883        0.6807845555       -0.6744733675
       -0.8866176883       -0.6807845555       -0.6744733675
        0.4843209359       -0.6862987159       -0.6362911344
       -0.6021413841        0.3493640950        0.7910812769
       -0.6021413841       -0.3493640950        0.7910812769
        0.1472817899        0.3407476163       -1.1253295011
       -0.5292495031        0.3401257656       -1.1439765237
       -0.5292495031       -0.3401257656       -1.1439765237
        0.1472817899       -0.3407476163       -1.1253295011
       -0.0446611342        0.0000000000        0.9947786626
        0.3267133708        0.3440726019        0.4983317312
        0.3267133708       -0.3440726019        0.4983317312
        0.6876628163        0.0000000000        0.0241235871
        0.6990508570        0.7089383931        0.0177047607
        0.6990508570       -0.7089383931        0.0177047607
       -0.0278271227       -0.6823556614        0.9683923545
        0.3296342459       -1.0231032777        0.4987667759
       -0.0278271227        0.6823556614        0.9683923545
        0.3296342459        1.0231032777        0.4987667759
        1.0454596160       -0.3407476163       -0.4416702423
        1.0454596160        0.3407476163       -0.4416702423
        0.5294358928        0.3406587899        1.1437316485
        0.5294358928       -0.3406587899        1.1437316485
        0.9128063697        0.0000000000        0.6947939572
        0.8862449087        0.6807845555        0.6749631178
        0.8862449087       -0.6807845555        0.6749631178
        1.2436130939       -0.3401257656        0.2054599617
        1.2436130939        0.3401257656        0.2054599617
