         1.0000000000       39.4320000000        1.0000000000        9.0000000000        6.0000000000
        0.1270707696        0.3524159642       -0.1678467496
        0.1191595269        1.0444445083       -0.1581658443
       -0.5687374730        0.3458921532       -0.1867222582
       -1.2422095613        0.3504287193       -0.2035512744
       -0.5698874862        1.0349737792       -0.1835460660
       -0.5674638035       -0.3424044198       -0.1839130580
       -1.2438832259       -0.3320575677       -0.2049442961
       -0.5697769351       -1.0209705401       -0.1847551797
        0.1243839237       -0.3541859430       -0.1635912309
        0.1175642391       -1.0350534797       -0.1539333392
       -0.2470918396       -0.0070083335        0.3240155073
       -0.9451307566        0.0073932497        0.3072467244
       -0.2437091572        0.6814711655        0.3188645742
       -0.2483594521       -0.7096275987        0.3264026553
       -0.9201287572        0.6940076619        0.2880558917
       -0.9265361667       -0.6761772390        0.2840019651
       -0.2063592536        0.0000877127       -0.6576943882
        0.4970672317       -0.0008787704       -0.6535040196
       -0.9149308202        0.0044501839       -0.6955077090
       -0.2031853463        0.7107709257       -0.6691691506
       -0.2041976191       -0.7090029223       -0.6693791619
        0.4857919438        0.6868902889       -0.6393997911
       -0.8865134913        0.6858697023       -0.6763892234
       -0.8889569010       -0.6771625286       -0.6734125597
        0.4843641946       -0.6868206490       -0.6361126532
       -0.6057549270        0.3497859482        0.7947818751
       -0.6033475564       -0.3474227178        0.7923360750
        0.1469001051        0.3409344768       -1.1257350955
       -0.5295002921        0.3421521456       -1.1438682024
       -0.5310429856       -0.3386655857       -1.1433024973
        0.1462714482       -0.3414984787       -1.1257314891
       -0.0451328329        0.0080973323        0.9923951193
        0.3304874421        0.3465956311        0.4978376625
        0.3281223589       -0.3417037886        0.4978767611
        0.6883490587        0.0007876572        0.0234271432
        0.6978609901        0.7114758285        0.0167773776
        0.6997392485       -0.7082957582        0.0187678634
       -0.0269992668       -0.6754735170        0.9687993928
        0.3302219845       -1.0202664567        0.5003939734
       -0.0339697538        0.6947009181        0.9626690245
        0.3270493885        1.0356754671        0.4992720204
        1.0459720327       -0.3407946287       -0.4408094520
        1.0451321782        0.3416371779       -0.4419310034
        0.5259748889        0.3518119979        1.1425282065
        0.5284392033       -0.3306710519        1.1442853361
        0.9134069382        0.0058805214        0.6963651471
        0.8867389005        0.6872569457        0.6735483686
        0.8858702024       -0.6757740533        0.6777238253
        1.2431991742       -0.3372775681        0.2073885832
        1.2426594328        0.3435385342        0.2052375667
       -0.2519241197        1.3320333443        0.3289870523
