         1.0000000000       39.4320000000        1.0000000000        9.0000000000        6.0000000000
       -0.2188250047       -0.5781357629       -0.7241544736
       -0.2128714059       -0.5726207228       -0.0074631351
        0.4421005139       -0.3450661632       -0.6929013896
        0.4374640137       -0.3452867031        0.0003657119
       -0.0469283832       -0.0040039478       -0.3595383122
       -0.0475968517       -0.0000071870       -1.0644510022
       -0.6251043200       -0.0199107089       -0.6944087116
        0.4357946941        0.3559149961       -0.7194793061
       -0.2276945448        0.5471374611       -0.6915704877
       -0.6508199074       -0.0080468338       -0.0159970544
        0.4292704403        0.3436258857       -0.0028770820
       -0.2508130066        0.5627070711       -0.0131402823
       -0.2383520873       -0.5716228240        0.7088203806
        0.4232084797       -0.3387650343        0.6934710917
       -0.0565130245       -0.0008071476        0.3438207183
       -0.0763884120        0.0095957668        1.0483880110
       -0.6436008924       -0.0137414799        0.6629432054
        0.4162676114        0.3624279350        0.7134955481
       -0.2461911171        0.5533066901        0.6657814293
        0.9184220091       -0.0009753653        0.3536464992
        0.9279123610       -0.0041407169       -0.3427932018
        0.2440921660        0.8945245668        0.3308795196
        0.2533234458        0.8914456245       -0.3465484485
        0.2857705148       -0.9203873254       -0.3473792549
        0.2762801629       -0.9172219738        0.3490604461
       -0.7954571390       -0.5887669063        0.3234552592
       -0.7862258591       -0.5918458486       -0.3539727089
        0.9361119447       -0.6930911271       -0.3328356437
        0.9268045517       -0.6899867985        0.3501778071
        0.9195302352        0.6808674428       -0.3423179905
        0.9101407791        0.6839991422        0.3467175808
       -0.3609767052       -1.1462368773       -0.3514631239
       -0.3703661613       -1.1431051779        0.3375724474
        1.4422592838       -0.3531269018        0.0140936451
        1.4034814375        0.3399297859        0.0104152456
        0.7876395850       -1.2871776608        0.0094184776
        0.1229744971       -1.4871745342        0.0012701122
        1.4363773049       -1.0454486891        0.0171601271
        1.5438080270       -0.0176848566        0.5940356439
        1.5460652772       -0.7024544705        0.6012541588
        1.0587782640        0.3205882525        0.9246725764
        1.0688062977       -0.3669484634        0.9486789783
        0.5742186609       -0.0246618864        1.2637462542
        0.1768088857       -0.5917100563        1.2609080303
        0.6687993969       -0.9377023683        0.9458222062
        0.0192289591       -1.1627032207        0.9172483159
        1.1486555020       -1.2695026405        0.5984159349
        0.5042587220       -1.5009763297        0.5866113835
        1.5596142887       -0.0229567766       -0.5658906013
        1.5619825879       -0.7077634290       -0.5668212948
        1.0838158056        0.3122373902       -0.9126816370
        1.0944091013       -0.3754878595       -0.9301564020
        0.6086325439       -0.0361400738       -1.2616811164
        0.2112227687       -0.6031882438       -1.2645193403
        0.6944022005       -0.9462417645       -0.9330131741
        0.0442665007       -1.1710540829       -0.9201058975
        1.1645728126       -1.2748115990       -0.5696595187
        0.5200649838       -1.5062482497       -0.5733148618
