         1.0000000000       39.4320000000        1.0000000000        9.0000000000        6.0000000000
       -0.0110554491        0.0083105849        0.0002629185
       -0.0041260644        0.0031458018        0.7015462143
        0.1902430969       -0.5634188452        0.3494397805
       -0.4800362011       -0.3466130772        0.3513803691
       -0.5038597560        0.3664665825        0.3459717900
        0.1817724190        0.5638415072        0.3515463133
        0.5948287169       -0.0068276777        0.3495412277
        0.5946325099       -0.0065576683       -0.3493671121
        0.1815752751        0.5641128059       -0.3506993459
       -0.5040537047        0.3667334842       -0.3448923691
       -0.4802333449       -0.3463417785       -0.3508652902
        0.1900468900       -0.5631488358       -0.3494685593
       -0.0045198139        0.0036876586       -0.7010279387
        0.1897812713       -0.5634726995        1.0468962356
       -0.4822395178       -0.3490054091        1.0512533603
       -0.4807719328        0.3495591211        1.0314752932
        0.1832467846        0.5665085878        1.0514202268
        0.5946165175       -0.0065381195        1.0469977454
        0.7855563769       -0.5708716727        0.6906661307
        0.3679025599       -1.1175985530        0.6804506506
       -0.2940553717       -0.9190916396        0.7124040194
       -0.9469167430       -0.6967465876        0.6809349383
       -0.9542465443       -0.0136637218        0.6905661673
       -0.2813165861        0.9120905626        0.6907349002
        0.3706956986        1.1159017394        0.6812653212
        0.7836404703        0.5635018024        0.7126742447
        1.1767283399       -0.0048914696        0.6806534585
        0.8005975065       -0.5816791367       -0.0001928706
        0.3892407264       -1.1321121309       -0.0002900378
       -0.2900512463       -0.9041885991       -0.0000112841
       -0.9721732592       -0.6949005502        0.0002610647
       -0.9718992395       -0.0116047588        0.0005249656
       -0.2886025874        0.9284110563        0.0006962979
        0.3612642734        1.1395184612        0.0005954156
        0.7708237668        0.5552643150        0.0002547235
        1.1972360695       -0.0205474852       -0.0000874382
        1.1763461330       -0.0043654973       -0.6808044131
        0.7832404701        0.5640522610       -0.7121653041
        0.3703135184        1.1164276751       -0.6800977226
       -0.2817040246        0.9126237344       -0.6893586907
       -0.9546339828       -0.0131305499       -0.6895274236
       -0.9472989232       -0.6962206519       -0.6804281054
       -0.2944553719       -0.9185411810       -0.7124355294
        0.3675203531       -1.1170725807       -0.6810072210
        0.7851684871       -0.5703378799       -0.6910347611
        0.5940287119       -0.0057292133       -1.0468229688
        0.1826566851        0.5673206508       -1.0505717072
       -0.4813507763        0.3503556941       -1.0304215864
       -0.4828296174       -0.3481933461       -1.0507385736
        0.1891934657       -0.5626637933       -1.0469244786
       -0.0045103286        0.0038044365       -1.3795597756
        1.3539975561        0.5533531281        0.3386634047
        1.3538074585        0.5536147301       -0.3384827127
        0.9561229078        1.1077580455        0.3389466152
        0.9559328341        1.1080196145       -0.3381141630
       -0.1083402304       -1.4583948325        0.3382967329
       -0.1085303280       -1.4581332305       -0.3388493846
       -0.7584639995       -1.2510107327        0.3385166935
       -0.7586540732       -1.2507491637       -0.3385440846
       -0.0037356058        0.0027383051        1.3800778266
