         1.0000000000       39.4320000000        1.0000000000        9.0000000000        6.0000000000
        0.3662079696        0.3505757206       -0.0121227060
        1.0676595496        0.3466374731       -0.0147006505
        0.3507780657        1.0532114266       -0.0125882331
       -0.3353483669        0.3487303476       -0.0017017146
       -0.8966503512        0.6852517844        0.1595654815
       -0.8955065437       -0.6871059467        0.1594359737
       -0.3413577244        1.0467910091       -0.0059009291
       -0.3347663196       -0.3496188996       -0.0017676170
       -0.9105303736       -0.0009391094        0.1593217524
       -0.3396120567       -1.0476878034       -0.0060985826
        0.3667921166       -0.3502928635       -0.0121888461
        1.0682361570       -0.3451848698       -0.0147659369
        0.3525334730       -1.0529532134       -0.0127869894
        0.0050107305       -0.0002072657        0.4902011627
        0.7162082687        0.0003860804        0.4839459629
        0.0069594538        0.6922752706        0.4843399988
        0.0081137646       -0.6926844730        0.4842093018
        0.6943628271        0.6870073989        0.4889553998
       -0.5826790137        0.3450036504        0.6600946836
       -0.5821027308       -0.3464293944        0.6600294339
       -0.5553244347       -1.0274720854        0.6415889502
       -0.5570360028        1.0260935009        0.6417827428
        0.6955074025       -0.6862716320        0.4888258050
        0.0097182509       -0.0001114864       -0.4831691114
        0.7227533768        0.0004848076       -0.5044317552
       -0.6992435066       -0.0007019674       -0.4875281820
        0.0082353747        0.7094307846       -0.4989634380
        0.0094181259       -0.7096522498       -0.4990973552
        0.7019022664        0.6936122954       -0.4910101150
       -0.6763951522        0.6776672912       -0.4820720304
       -0.6752643944       -0.6790332149       -0.4822000607
        0.7030576870       -0.6926789953       -0.4911409377
        0.3557016446        0.3433444194        0.9786255030
       -0.2203551396       -0.6914877102        1.1375332294
       -0.2373906415       -0.0004715138        1.1494849600
        0.3562739081       -0.3432660770        0.9785607084
        0.3472938525        0.3401157493       -0.9601306878
       -0.3330687458        0.3373852587       -0.9578292235
       -0.3325057634       -0.3380895696       -0.9578929672
        0.3478604408       -0.3396855106       -0.9601948398
        1.0594408562        0.3441652680        0.9918263574
        1.0600135123       -0.3429163376        0.9917615183
        0.3411962434        1.0434979372        0.9897886894
       -0.2215070353        0.6905743628        1.1376636530
        1.3941894904        0.0009505620        0.4901947653
        0.0104005621        1.3669450887        0.4931068744
        0.1282930695        0.3403936835        1.6131255713
        0.7045847356        0.0002827215        1.4765529004
        0.6879107171        0.6890684185        1.4533676557
        1.3705251751        0.6866751393        0.4918833471
        1.0310454927        1.0263384714        0.0107259465
        0.6886279137        1.3627743352        0.4928743973
        1.0259470594        1.0252727087        0.9709695875
        0.1288608301       -0.3408141716        1.6130612865
        0.6890588887       -0.6885254247        1.4532376537
        0.3429356301       -1.0434448959        0.9895917470
        0.0126794915       -1.3673492605        0.4928488423
        1.0276551118       -1.0240747150        0.9707761929
        1.0327551635       -1.0249507435        0.0105323687
        0.6908989485       -1.3620479168        0.4926172590
        1.3716682577       -0.6848128156        0.4917539214
