         1.0000000000       39.4320000000        1.0000000000        9.0000000000        6.0000000000
        0.1409883534       -1.1184725914        0.7170374419
        0.1409883530        1.1184725914       -0.7170374419
        0.1409883530       -1.1184725914       -0.7170374420
        0.1409883534        1.1184725914        0.7170374419
        0.9184523104        0.0000000000        1.1005397781
        0.9184523098        0.0000000000       -1.1005397786
       -1.2801142824        0.0000000000        0.6743331041
       -1.2801142828        0.0000000000       -0.6743331034
       -0.7468047724        1.1131701456        0.0000000002
       -0.7468047724       -1.1131701456        0.0000000002
        1.2165073422       -0.7090137197       -0.0000000003
        1.2165073422        0.7090137198       -0.0000000003
       -0.3876105287        0.0000000000       -1.3600896641
       -0.3876105279        0.0000000000        1.3600896644
       -1.3038148431        0.0000000000        0.0000000004
        0.6667677236       -0.9304293977       -0.3431263453
        0.6667677238       -0.9304293977        0.3431263449
        0.6667677236        0.9304293977       -0.3431263453
        0.6667677238        0.9304293977        0.3431263449
        0.2683360918        0.0000000000       -1.2314272823
        0.2683360924        0.0000000000        1.2314272822
        1.0691818237        0.3633496527        0.5522726686
        1.0691818234       -0.3633496526       -0.5522726691
        1.0691818237       -0.3633496527        0.5522726685
        1.0691818234        0.3633496527       -0.5522726691
       -1.0616468279        0.5813042542        0.3390912041
       -1.0616468280       -0.5813042543       -0.3390912035
       -1.0616468279       -0.5813042543        0.3390912041
       -1.0616468281        0.5813042543       -0.3390912035
       -0.1130071138        0.5753898986       -1.0745330466
       -0.1130071132       -0.5753898986        1.0745330467
       -0.1130071138       -0.5753898986       -1.0745330467
       -0.1130071132        0.5753898986        1.0745330467
       -0.7497699829        0.3573745050       -0.9158826679
       -0.7497699824        0.3573745050        0.9158826683
       -0.7497699829       -0.3573745050       -0.9158826679
       -0.7497699824       -0.3573745050        0.9158826683
        0.5482816260        0.5818022380        0.9352645414
        0.5482816260       -0.5818022381        0.9352645414
        0.5482816254        0.5818022381       -0.9352645416
        0.5482816255       -0.5818022380       -0.9352645417
       -0.4743142564        0.8842080138       -0.5743684470
       -0.4743142561       -0.8842080138        0.5743684472
       -0.4743142561        0.8842080138        0.5743684473
       -0.4743142564       -0.8842080138       -0.5743684470
        1.2467011513        0.0000000000       -0.0000000003
       -0.0188301684       -1.0812702327        0.0000000000
       -0.0188301685        1.0812702327        0.0000000000
       -0.7078222309        0.0000000000        0.3343668331
       -0.7078222311        0.0000000000       -0.3343668327
       -0.4502335729        0.5251591791        0.0000000001
       -0.4502335729       -0.5251591791        0.0000000001
       -0.1756334156        0.0000000000       -0.7135891855
       -0.1756334152        0.0000000000        0.7135891856
        0.1052160396        0.5421101782       -0.3980199652
        0.1052160398        0.5421101782        0.3980199652
        0.1052160399       -0.5421101782        0.3980199652
        0.1052160396       -0.5421101782       -0.3980199653
        0.4897328599        0.0000000000       -0.5747115798
        0.4897328603        0.0000000000        0.5747115795
        0.6409175476       -0.3433307232       -0.0000000002
        0.6409175476        0.3433307232       -0.0000000002
       -0.0034702129        0.0000000000        0.0000000000
