         1.0000000000       39.4320000000        1.0000000000        9.0000000000        6.0000000000
        0.0019056200       -0.0011108064        0.0002556401
        0.0010728875       -0.0006335940        0.7030782983
        0.1909035058       -0.5723354395        0.3581798092
       -0.4760419666       -0.3486616426        0.3511872101
       -0.4957353928        0.3605611953        0.3448371311
        0.1849535617        0.5606743624        0.3513529504
        0.6035124529       -0.0047065289        0.3582832683
        0.6033113366       -0.0044297636       -0.3581123854
        0.1847565251        0.5609455134       -0.3505102165
       -0.4959287071        0.3608272238       -0.3437668351
       -0.4762390032       -0.3483904916       -0.3506759568
        0.1907023895       -0.5720586742       -0.3582158444
        0.0006782760       -0.0000905512       -0.7025658612
        0.1867294204       -0.5668370613        1.0539899478
       -0.4809016228       -0.3502968987        1.0510293855
       -0.4779580984        0.3475139330        1.0304471864
        0.1848881267        0.5656345488        1.0511963279
        0.5968737485       -0.0025987437        1.0540927888
        0.7904149308       -0.5744081117        0.7167552623
        0.3703481908       -1.1322777742        0.6890372006
       -0.2953740028       -0.9235903852        0.7140716607
       -0.9463231209       -0.6957364643        0.6808821958
       -0.9514250167       -0.0138273572        0.6891680342
       -0.2802900455        0.9094575477        0.6893363169
        0.3699180549        1.1150253959        0.6812122347
        0.7875124957        0.5661438722        0.7143431875
        1.1914443883       -0.0026901990        0.6892430851
        0.7773520695       -0.5647820572       -0.0001798170
        0.3753857751       -1.1495973325       -0.0002929034
       -0.2916380973       -0.9077321892       -0.0000122076
       -0.9718540245       -0.6931416309        0.0002616547
       -0.9685492892       -0.0115897425        0.0005240310
       -0.2875831657        0.9252199451        0.0006947789
        0.3596896967        1.1386720441        0.0005955306
        0.7737047714        0.5578671783        0.0002549202
        1.2095927355       -0.0019731924       -0.0000837314
        1.1910573567       -0.0021575874       -0.6894005978
        0.7871115583        0.5666956203       -0.7138343788
        0.3695359043        1.1155512907       -0.6800448767
       -0.2806766996        0.9099896399       -0.6879627189
       -0.9518116708       -0.0132952650       -0.6881310016
       -0.9467052715       -0.6952105695       -0.6803749156
       -0.2957749402       -0.9230386371       -0.7141059055
        0.3699611592       -1.1317451625       -0.6896064823
        0.7900123913       -0.5738541588       -0.7171293413
        0.5962819596       -0.0017843561       -1.0539162326
        0.1842981523        0.5664464394       -1.0503494054
       -0.4785363657        0.3483097129       -1.0293966402
       -0.4814915973       -0.3494850081       -1.0505163479
        0.1861376315       -0.5660226738       -1.0540190736
       -0.0041348224        0.0035318256       -1.3814661747
        1.3611534232       -0.5699798897        0.3417675668
        1.3583580417        0.5667260883        0.3417038948
        1.3609613378       -0.5697155524       -0.3424588462
        1.3581662392        0.5669900365       -0.3415153172
        0.9623823786       -1.1185719044        0.3416675776
        0.9541526977        1.1128715746        0.3390357290
        0.9621902933       -1.1183075670       -0.3425588354
        0.9539625754        1.1131332106       -0.3381982197
       -0.1197156052       -1.4666697935        0.3413332775
       -0.1199074077       -1.4664058453       -0.3418859346
       -0.7639359686       -1.2507145877        0.3386049295
       -0.7641260909       -1.2504529518       -0.3386290193
       -0.0033590292        0.0024642214        1.3819838033
