         1.0000000000       39.4320000000        1.0000000000        9.0000000000        6.0000000000
        0.0106841580       -0.0076483572        0.0002506406
        0.0068058199       -0.0049587744        0.7063126385
        0.1920797479       -0.5754680888        0.3598048103
       -0.4763505154       -0.3490451056        0.3509496903
       -0.4802513535        0.3490412049        0.3515716978
        0.1849121769        0.5609312000        0.3511156017
        0.6067052994       -0.0048938950        0.3599088402
        0.6065032753       -0.0046158779       -0.3597399037
        0.1847152790        0.5612021626       -0.3502726701
       -0.4804484486        0.3493124388       -0.3505190248
       -0.4765474132       -0.3487741431       -0.3504385815
        0.1918777238       -0.5751900718       -0.3598439337
        0.0064094013       -0.0044132399       -0.7058067795
        0.1876892540       -0.5695770045        1.0568501709
       -0.4814264303       -0.3480762159        1.0502121957
       -0.4768742478        0.3464623960        1.0356774676
        0.1823017259        0.5652928620        1.0503787257
        0.5996253600       -0.0027038083        1.0569535260
        0.7905487619       -0.5744922702        0.7184789348
        0.3697151468       -1.1343461134        0.6901232986
       -0.2966248268       -0.9223334419        0.7154176307
       -0.9485155163       -0.6906267558        0.6813859297
       -0.9533670371       -0.0067943071        0.6875248610
       -0.2879890865        0.9088450846        0.6876918049
        0.3639119864        1.1154299659        0.6817152189
        0.7856179853        0.5669617012        0.7156891664
        1.1930656268       -0.0013176865        0.6903298779
        0.7767493508       -0.5643334679       -0.0001794741
        0.3747243532       -1.1515086866       -0.0002934547
       -0.2917481462       -0.9066357378       -0.0000117585
       -0.9739022124       -0.6874592717        0.0002644128
       -0.9749640254       -0.0008079434        0.0005299803
       -0.9339551005        0.6788031553        0.0007810176
       -0.3002337673        0.9277013384        0.0006992707
        0.3531769290        1.1387598519        0.0005973782
        0.7723179004        0.5576460088        0.0002552166
        1.2110559574       -0.0006166850       -0.0000836184
        1.1926779956       -0.0007842447       -0.6904872407
        0.7852163035        0.5675144787       -0.7151786764
        0.3635295648        1.1159562384       -0.6805442048
       -0.2883748057        0.9093758951       -0.6863143941
       -0.9537527563       -0.0062634966       -0.6864813381
       -0.9488979378       -0.6901004833       -0.6808734941
       -0.2970265085       -0.9217806644       -0.7154502121
        0.3693275156       -1.1338126716       -0.6906938200
        0.7901452654       -0.5739369954       -0.7188531522
        0.5990319805       -0.0018872244       -1.0567786045
        0.1817122268        0.5661041058       -1.0495306395
       -0.4774554363        0.3472622032       -1.0346283712
       -0.4820159294       -0.3472649721       -1.0496971694
        0.1870958745       -0.5687604206       -1.0568819596
       -0.0018869715        0.0017391479       -1.3835498527
        1.3600580930       -0.5688944172        0.3420197879
        1.3557114143        0.5690941923        0.3420740588
        1.3598658717       -0.5686298904       -0.3427096038
        1.3555194100        0.5693584205       -0.3418821715
        0.9611795955       -1.1177987873        0.3419197089
        0.9478280560        1.1136315267        0.3391083407
        0.9609873742       -1.1175342605       -0.3428096828
        0.9476378993        1.1138932124       -0.3382667132
       -0.1225181418       -1.4651259232        0.3417031697
       -0.1227101461       -1.4648616950       -0.3422530606
       -0.7664064067       -1.2453594787        0.3386782377
       -0.7665965634       -1.2450977930       -0.3386968161
       -0.0011100302        0.0006699540        1.3840648141
