         1.0000000000       39.4320000000        1.0000000000        9.0000000000        6.0000000000
        0.0162106193       -0.0116646317        0.0018150190
        0.0068303069       -0.0049765529        0.7061809584
        0.1924263974       -0.5769133695        0.3609719549
       -0.4769405480       -0.3475011560        0.3491592334
       -0.4815022312        0.3499497499        0.3538968096
        0.1832617646        0.5610159646        0.3493248715
        0.6081867720       -0.0047775089        0.3610762650
        0.6078532138       -0.0044061584       -0.3609119471
        0.1859246374        0.5624122630       -0.3521756790
       -0.4677043159        0.3400495230       -0.3397233550
       -0.4773245287       -0.3502976913       -0.3523420815
        0.1920953794       -0.5765385235       -0.3610162566
        0.0085178167       -0.0059450591       -0.7077046581
        0.1872377660       -0.5695485619        1.0573190432
       -0.4819465429       -0.3473122127        1.0490545674
       -0.4774286656        0.3468651545        1.0362901417
        0.1814146203        0.5655518630        1.0492209981
        0.5994587819       -0.0022832809        1.0574224653
        0.7904679295       -0.5744337197        0.7195520160
        0.3692904398       -1.1351426986        0.6909807279
       -0.2974269489       -0.9215862167        0.7149453885
       -0.9488517042       -0.6898524859        0.6801143695
       -0.9546324300       -0.0067326302        0.6866938735
       -0.2884384443        0.9100297471        0.6868610148
        0.3630719234        1.1155108910        0.6804435180
        0.7846596191        0.5674939547        0.7152168731
        1.1936919440       -0.0006679075        0.6911875619
        0.7760595146       -0.5638321750       -0.0001861102
        0.3743299720       -1.1519671816       -0.0002436513
       -0.2919459974       -0.9059664236       -0.0002434769
       -0.9748970149       -0.6857858044       -0.0008079658
       -0.9775262787        0.0017620974       -0.0016408895
       -0.9421546857        0.6847614468        0.0016654548
       -0.3034691629        0.9293450796       -0.0014717754
        0.3512781785        1.1391894267       -0.0004752418
        0.7716202151        0.5576275300        0.0000233611
        1.2113702135       -0.0000999805       -0.0000336463
        1.1936049690       -0.0004181262       -0.6910318423
        0.7852124055        0.5679342302       -0.7168107313
        0.3619451150        1.1168224536       -0.6822144549
       -0.2967850473        0.9138462206       -0.6877748963
       -0.9365795925        0.6808311512       -0.6621230301
       -0.9606017599        0.0003552546       -0.6879414412
       -0.9502108661       -0.6888606693       -0.6825436617
       -0.2974266561       -0.9219062385       -0.7170823546
        0.3692656904       -1.1348072877       -0.6912386607
        0.7902046131       -0.5739799955       -0.7195741384
        0.6004009970       -0.0019389565       -1.0581557995
        0.1809395067        0.5662934622       -1.0498752176
       -0.4795409183        0.3487785916       -1.0397795877
       -0.4824346317       -0.3465884689       -1.0500416515
        0.1875681223       -0.5700462282       -1.0582593751
        0.0001162490        0.0002836857       -1.3850057238
        1.3592426714       -0.5682877651        0.3423082720
        1.3548906872        0.5696900785        0.3420747165
        1.3592729572       -0.5682158535       -0.3425783195
        1.3545393129        0.5700698583       -0.3420950876
        0.9603507297       -1.1172106502        0.3422081940
        0.9466297031        1.1140640680        0.3378384083
        0.9604104494       -1.1170982342       -0.3426783901
        0.9455010261        1.1140201390       -0.3394078312
       -0.1233383479       -1.4645293733        0.3417038438
       -0.1236894435       -1.4641492100       -0.3424659603
       -0.7671876662       -1.2443530289        0.3374084288
       -0.7673770331       -1.2431043552       -0.3398375751
       -0.0015470252        0.0009875487        1.3838364667
