         1.0000000000       39.4320000000        1.0000000000        9.0000000000        6.0000000000
        0.0092140061        0.0005248811        0.0001860688
        0.0037894585        0.0002840979        0.7077190051
        0.1818590524       -0.5695392593        0.3521401775
       -0.4751380606       -0.3527236346        0.3510799009
       -0.4745931965        0.3542764691        0.3513246801
        0.1827373219        0.5700783945        0.3525347386
        0.6023342989       -0.0000568868        0.3602657795
        0.6021926113        0.0001926385       -0.3601272415
        0.1825987855        0.5703223701       -0.3518361897
       -0.4747312355        0.3545195688       -0.3505170591
       -0.4752760995       -0.3524805350       -0.3507618383
        0.1817205160       -0.5692952836       -0.3522307508
        0.0035111424        0.0007742390       -0.7073446760
        0.1800257892       -0.5702586890        1.0504358190
       -0.4773649883       -0.3543918085        1.0494821705
       -0.4768179231        0.3554644685        1.0497279386
        0.1809047971        0.5703171181        1.0508307118
        0.5968907084       -0.0002938844        1.0569072541
        0.7824527161       -0.5709732145        0.7161443137
        0.3609056843       -1.1216598891        0.6823107877
       -0.2988956821       -0.9214902337        0.6914063727
       -0.9486845151       -0.6912130347        0.6808372790
       -0.9476175374        0.6932669434        0.6813166169
       -0.9608073411        0.0010255933        0.7131802728
       -0.2974745466        0.9225349499        0.6920448153
        0.3626345704        1.1216936397        0.6830874867
        0.7833322881        0.5703345763        0.7165394599
        1.1892455936       -0.0006232420        0.6896497524
        0.7680890347       -0.5612228453       -0.0001577622
        0.3505545427       -1.1453666449       -0.0002779732
       -0.3041707999       -0.9369544062       -0.0000770127
       -0.9552671340       -0.7150929704        0.0001278926
       -0.9541629781        0.7176283442        0.0006239326
       -0.9450819394        0.0012602636        0.0003740154
       -0.3027254536        0.9384860446        0.0005723066
        0.3523203455        1.1458889709        0.0005153105
        0.7689539775        0.5611023594        0.0002308118
        1.2063738209       -0.0003976529       -0.0000497093
        1.1889742934       -0.0001454566       -0.6897423708
        0.7830505198        0.5708307972       -0.7160768693
        0.3623660684        1.1221664972       -0.6820774676
       -0.2977465481        0.9230139703       -0.6909130982
       -0.9610877307        0.0015193860       -0.7124259926
       -0.9489522775       -0.6907414798       -0.6805673244
       -0.9478852998        0.6937384984       -0.6800879866
       -0.2991676836       -0.9210112132       -0.6915515409
        0.3606371823       -1.1211870316       -0.6828541666
        0.7821709477       -0.5704769937       -0.7164720155
        0.5964749890        0.0004382370       -1.0567665180
        0.1804915779        0.5710448363       -1.0501310552
       -0.4772306869        0.3561913848       -1.0489183979
       -0.4777777521       -0.3536648922       -1.0491641660
        0.1796125700       -0.5695309707       -1.0505259479
       -0.0002992977        0.0010117142       -1.3847667649
        1.3514153847       -0.5709142562        0.3414817476
        1.3522943900        0.5696580863        0.3418766392
        1.3512809503       -0.5706775045       -0.3420333356
        1.3521599556        0.5698948380       -0.3416384440
        0.9443082795       -1.1167318468        0.3385892034
        0.9460290601        1.1161043908        0.3393622611
        0.9441749400       -1.1164970233       -0.3393587658
        0.9458957207        1.1163392143       -0.3385857081
        0.0002454908        0.0000522901        1.3851425425
       -1.4176296403       -0.3397813538       -0.3382185827
       -1.4174964608       -0.3400158956        0.3389161325
       -1.4171032373        0.3432642071       -0.3379820971
       -1.4169700578        0.3430296653        0.3391526181
