         1.0000000000       39.4320000000        1.0000000000        9.0000000000        6.0000000000
        0.3648528422        0.3532287931       -0.0134551735
        1.0657479464        0.3464496379       -0.0133131501
        0.3461147472        1.0550991122       -0.0111387168
       -0.3411664757        0.3496837830       -0.0049648921
       -0.9152659705        0.6918092684        0.1639018433
       -0.9143042978       -0.6932293436        0.1638765847
       -0.3478343808        1.0450704031       -0.0010384616
       -0.3406804560       -0.3503008016       -0.0049776576
       -0.9314887571       -0.0007213020        0.1456056012
       -0.3463827006       -1.0456961534       -0.0010765904
        0.3653431038       -0.3528650794       -0.0134680504
        1.0662281183       -0.3451126326       -0.0133257620
        0.3475796844       -1.0547608266       -0.0111771939
        0.0187981377       -0.0000675786        0.4794666358
        0.7170048382        0.0004170761        0.4866264811
        0.0048553755        0.6973000672        0.4871092195
        0.0058237940       -0.6974541921        0.4870837836
        0.6913689719        0.6870143414        0.4905915995
       -0.5686464560        0.3440833974        0.6494332737
       -0.5681679774       -0.3450401813        0.6494207063
       -0.5726416790       -1.0355320327        0.6490625545
       -0.5740790101        1.0345683831        0.6491003065
        0.6923224453       -0.6862152709        0.4905665562
        0.0074481420       -0.0000579251       -0.4820051704
        0.7213235051        0.0004381243       -0.5031156015
       -0.7020817104       -0.0005503311       -0.4952341366
        0.0039852407        0.7113931082       -0.4976775651
        0.0049732055       -0.7115125092       -0.4977035143
        0.6994002379        0.6954095516       -0.4904327414
       -0.6821145613        0.6784403630       -0.4810372269
       -0.6811716946       -0.6795131604       -0.4810619917
        0.7003653368       -0.6945635389       -0.4904580901
        0.3539604708        0.3475409590        0.9828640517
       -0.2232240194       -0.7103129018        1.1513934597
       -0.2249580979       -0.0002488260        1.1374959419
        0.3544428696       -0.3472287158        0.9828513813
        0.3454506986        0.3406345772       -0.9576155707
       -0.3340983858        0.3387888208       -0.9575403438
       -0.3336275264       -0.3393612909       -0.9575527111
        0.3459234660       -0.3402633817       -0.9576279881
        1.0557640910        0.3441203123        0.9966153840
        1.0562410634       -0.3428340091        0.9966028561
        0.3434035682        1.0497524358        0.9915397128
       -0.2242100567        0.7098164657        1.1514193583
        1.3926250588        0.0008860444        0.4939973324
        0.0050613046        1.3687826643        0.4961884961
        0.1166848257        0.3425104714        1.6300356011
        0.6948989508        0.0003836165        1.4797193240
        0.6823169251        0.6902582742        1.4579411346
        1.3670206509        0.6855389138        0.4944638045
        1.0274346771        1.0257610675        0.0122268228
        0.6858657479        1.3634528441        0.4929401482
        1.0240812810        1.0246036986        0.9732310036
        0.1171604841       -0.3425513324        1.6300231078
        0.6832749364       -0.6895070534        1.4579159721
        0.3448611088       -1.0494544914        0.9915014300
        0.0069621826       -1.3689361866        0.4961385689
        1.0255032418       -1.0233598824        0.9731936553
        1.0288582176       -1.0244775422        0.0121894330
        0.6877585682       -1.3626608487        0.4928904327
        1.3679714241       -0.6838017371        0.4944388321
       -0.5654315252        0.3396530642        1.6122895176
       -0.5649591775       -0.3406405068        1.6122771112
       -0.9318513707       -0.0007398420        1.1484292670
       -0.9048056886       -0.6820529955        1.1289848872
       -0.9057518258        0.6806109204        1.1290097378
       -1.2445640241        0.3402375105        0.6471883995
       -1.2440902345       -0.3421328344        0.6471759552
