         1.0000000000       39.4320000000        1.0000000000        9.0000000000        6.0000000000
        0.0143612315        0.0000663389        0.0003269062
        0.0061424520       -0.0002148915        0.7139962051
        0.1892217899       -0.5686651740        0.3587851162
       -0.4779107175       -0.3445935916        0.3501504992
       -0.4778013507        0.3446053949        0.3504233462
        0.1894022365        0.5684583287        0.3592352922
        0.6055960693       -0.0001699209        0.3601201213
        0.6064538381        0.0001156293       -0.3615102936
        0.1895282954        0.5699405606       -0.3596691932
       -0.4788143854        0.3454750812       -0.3507681054
       -0.4789239401       -0.3449077667       -0.3510414211
        0.1893474687       -0.5695782311       -0.3601203174
        0.0058440857        0.0003484463       -0.7088491984
        0.1849260468       -0.5618476316        1.0496061502
       -0.4793741413       -0.3434271987        1.0424139296
       -0.4792652316        0.3428913464        1.0426856363
        0.1851042431        0.5610951737        1.0500507121
        0.5963742441       -0.0004417228        1.0503754261
        0.7883104275       -0.5713648784        0.7176425612
        0.3667726648       -1.1282267054        0.6903084157
       -0.2979956889       -0.9185783685        0.7147102936
       -0.9487632646       -0.6869118677        0.6819916003
       -0.9648638550       -0.0000514506        0.6903660577
       -0.9485452729        0.6868102375        0.6825354433
       -0.2977042092        0.9182442114        0.7154374735
        0.3671306509        1.1277008130        0.6912015152
        0.7884916556        0.5706837609        0.7180946870
        1.1914465952       -0.0003940862        0.6915215316
        0.7746065847       -0.5605939669       -0.0004531674
        0.3717939795       -1.1461805295        0.0001534475
       -0.2938580543       -0.9028942188       -0.0001635645
       -0.9756064780       -0.6854471267        0.0008013776
       -0.9816742265        0.0002245243        0.0000044049
       -0.9753888642        0.6858933692        0.0013442777
       -0.2935714628        0.9031247771        0.0005514205
        0.3721577502        1.1461994879        0.0010609781
        0.7747844854        0.5604857765       -0.0000093430
        1.2099247242       -0.0001232650        0.0000328733
        1.1930124013        0.0001530497       -0.6911459807
        0.7887471494        0.5718189936       -0.7177740589
        0.3673062614        1.1307707287       -0.6886154693
       -0.2986818163        0.9197196459       -0.7139640873
       -0.9508144614        0.6882677082       -0.6796021821
       -0.9658844256        0.0004952407       -0.6901417055
       -0.9510327444       -0.6872901043       -0.6801467519
       -0.2989735846       -0.9189217205       -0.7146919873
        0.3669474743       -1.1302041642       -0.6895105669
        0.7885657414       -0.5713632995       -0.7182266335
        0.6000364205        0.0003922770       -1.0577371118
        0.1860849530        0.5675251832       -1.0561223053
       -0.4836334616        0.3465678981       -1.0488659236
       -0.4837432752       -0.3454463138       -1.0491398852
        0.1859049805       -0.5666103241       -1.0565712983
        0.0001545513        0.0006176909       -1.3866679696
        1.3584366007       -0.5678467879        0.3421080830
        1.3586167307        0.5672820693        0.3425574693
        1.3586006831       -0.5677844546       -0.3425244822
        1.3587808794        0.5677617624       -0.3420749307
        0.9583977856       -1.1151683750        0.3418588973
        0.9587516413        1.1147306164        0.3427416922
        0.9585444394       -1.1152104017       -0.3421046626
        0.9588983944        1.1153141452       -0.3412216200
       -0.1241578697       -1.4617746527        0.3418683595
       -0.1236939557        1.4616803352        0.3430257264
       -0.1246711215       -1.4620055474       -0.3414906185
       -0.1242070484        1.4624524628       -0.3403328545
       -0.7675261603        1.2426912503        0.3401111506
       -0.7679205401       -1.2425790043        0.3391272566
       -0.7684967819       -1.2426583462       -0.3383463513
       -0.7681022918        1.2433071851       -0.3373621821
