         1.0000000000       39.4320000000        1.0000000000        9.0000000000        6.0000000000
        0.0145441188        0.0000732923        0.0002525301
        0.0062931912       -0.0001991944        0.7090918115
        0.1895847144       -0.5699217635        0.3597368002
       -0.4787490985       -0.3451513686        0.3511072346
       -0.4786391912        0.3451838595        0.3513738873
        0.1897661574        0.5697347004        0.3601770102
        0.6067764452       -0.0001604547        0.3612954670
        0.6065736487        0.0001186230       -0.3611229242
        0.1895641782        0.5700126533       -0.3593300301
       -0.4788361714        0.3454549330       -0.3503251358
       -0.4789460787       -0.3448802951       -0.3505917885
        0.1893827351       -0.5696438105       -0.3597702401
        0.0058952234        0.0003484676       -0.7085820061
        0.1865032294       -0.5673292866        1.0564158300
       -0.4831236421       -0.3461285036        1.0494454862
       -0.4830135094        0.3456228990        1.0497126860
        0.1866837615        0.5666049994        1.0568538298
        0.6006099160       -0.0004284900        1.0577516655
        0.7888742465       -0.5717995799        0.7177072930
        0.3673281820       -1.1306469814        0.6892068781
       -0.2985079899       -0.9192523261        0.7145681333
       -0.9505683231       -0.6877451860        0.6809415052
       -0.9655014395       -0.0000373857        0.6907350516
       -0.9503493448        0.6876729853        0.6814727819
       -0.2982153329        0.9189464398        0.7152781663
        0.3676881200        1.1301486001        0.6900801457
        0.7890562131        0.5711451488        0.7181487732
        1.1933908260       -0.0003812154        0.6910341549
        0.7745824973       -0.5605649536       -0.0001774073
        0.3718358767       -1.1465434367       -0.0002907183
       -0.2939148064       -0.9028997686       -0.0000097074
       -0.9758834517       -0.6855543435        0.0002656969
       -0.9816735862        0.0002317906        0.0005322485
       -0.9756650860        0.6860160475        0.0007954873
       -0.2936272687        0.9031444590        0.0006879054
        0.3722009610        1.1465762728        0.0005950350
        0.7747609756        0.5604696654        0.0002556098
        1.2101891140       -0.0001169350       -0.0000831835
        1.1930028093        0.0001527524       -0.6911909797
        0.7886531608        0.5716998076       -0.7176370040
        0.3673010142        1.1306813143       -0.6888999199
       -0.2986165267        0.9194985411       -0.7138872448
       -0.9507315063        0.6881988954       -0.6798944298
       -0.9658889480        0.0004958826       -0.6896795274
       -0.9509504846       -0.6872192758       -0.6804257065
       -0.2989091837       -0.9187002248       -0.7145972777
        0.3669410762       -1.1301142672       -0.6897731875
        0.7884711943       -0.5712449211       -0.7180784843
        0.6000161036        0.0003886827       -1.0575755501
        0.1860906414        0.5674212194       -1.0560072194
       -0.4836025625        0.3464335222       -1.0486608208
       -0.4837126953       -0.3453178803       -1.0489280205
        0.1859101094       -0.5665130667       -1.0564452192
        0.0001696166        0.0006112549       -1.3865500062
        1.3587649733       -0.5680705156        0.3419061117
        1.3589457698        0.5675249409        0.3423447531
        1.3585728210       -0.5678060860       -0.3425945514
        1.3587536175        0.5677893706       -0.3421559099
        0.9587601102       -1.1154051305        0.3414529446
        0.9591152077        1.1149870832        0.3423144684
        0.9585681566       -1.1151409744       -0.3423396886
        0.9589232542        1.1152512393       -0.3414781648
       -0.1245716170       -1.4622585111        0.3413232093
       -0.1241060205        1.4621853942        0.3424528214
       -0.1247634022       -1.4619945866       -0.3418697160
       -0.1242978057        1.4624493187       -0.3407401040
       -0.7678868292        1.2430750356        0.3396226646
       -0.7682826243       -1.2429410518        0.3386624021
       -0.7684727666       -1.2426793882       -0.3386780572
       -0.7680769715        1.2433366992       -0.3377177948
        0.0009482223       -0.0004602203        1.3870629200
