         1.0000000000       39.4320000000        1.0000000000        9.0000000000        6.0000000000
        0.0040103155        0.0000951012       -0.0013594121
        0.0047229094        0.0000967285        0.7102706082
        0.1874282542       -0.5692060642        0.3597099746
       -0.4797665836       -0.3474794125        0.3556589048
       -0.4796909787        0.3477765329        0.3556572392
        0.1875520663        0.5693580918        0.3597072471
        0.6019943146        0.0000309374        0.3590462593
        0.5997050317        0.0000294625       -0.3605176183
        0.1834050140        0.5683270394       -0.3591902985
       -0.4933891680        0.3472283140       -0.3535509469
       -0.4934646538       -0.3469316124       -0.3535492839
        0.1832814259       -0.5681775542       -0.3591875759
       -0.0028229599        0.0000941503       -0.7084476483
        0.0037356165        0.0000984616        1.3889176535
        0.1876701058       -0.5669350399        1.0570309214
       -0.4805958963       -0.3474835957        1.0547019531
       -0.4805202900        0.3477842458        1.0547002875
        0.1877934243        0.5670903560        1.0570282047
        0.6007596812        0.0000327423        1.0564192012
        0.7880798717       -0.5709485519        0.7158023788
        0.3680366090       -1.1297282886        0.6897467096
       -0.2978558256       -0.9203196263        0.7172301405
       -0.9504231095       -0.6891067452        0.6865243933
       -0.9634568134        0.0002020026        0.7062452868
       -0.9502731933        0.6895078050        0.6865210907
       -0.2976556388        0.9205789022        0.7172257304
        0.3682823239        1.1298426041        0.6897412966
        0.7882040487        0.5709716511        0.7157996432
        1.1910327175       -0.0000323285        0.6882312711
        0.7721249520       -0.5607517464       -0.0012593235
        0.3707869451       -1.1448019006        0.0002703377
       -0.2967052651       -0.9032629025        0.0009963708
       -0.9806223831       -0.6963739008        0.0051379579
       -0.9795655067        0.0002021083        0.0191383112
       -0.9804708860        0.6967782637        0.0051346204
       -0.2965087883        0.9035184968        0.0009920424
        0.3710359379        1.1449123142        0.0002648524
        0.7722469113        0.5607748801       -0.0012620102
        1.2059467573       -0.0000356025       -0.0014769769
        1.1886442740       -0.0000353712       -0.6903232909
        0.7860384994        0.5715960330       -0.7158189460
        0.3661494382        1.1298942859       -0.6878769604
       -0.2995568355        0.9217991368       -0.7126701866
       -0.9564079687        0.7019566590       -0.6929417056
       -0.9634815002        0.0001985734       -0.7263218046
       -0.9565605929       -0.7015608740       -0.6929383433
       -0.2997572884       -0.9215462984       -0.7126657707
        0.3659037114       -1.1297861071       -0.6878715470
        0.7859141859       -0.5715793221       -0.7158162074
        0.5964962921        0.0000281478       -1.0549823111
        0.1861613037        0.5676389168       -1.0556236554
       -0.4782218641        0.3530377441       -1.0572482444
       -0.4782986140       -0.3527477126       -1.0572465536
        0.1860378648       -0.5674933679       -1.0556209361
        0.0024366640        0.0000919492       -1.3885014657
        1.3577155299       -0.5677466833        0.3401039214
        1.3578389969        0.5676440935        0.3401012015
        1.3573077053       -0.5680111836       -0.3430604986
        1.3574312295        0.5679054093       -0.3430632198
        0.9586014437       -1.1152810321        0.3410252132
        0.9588440023        1.1152652363        0.3410198697
        0.9582846362       -1.1160098720       -0.3418220257
        0.9585273530        1.1159908734       -0.3418273728
       -0.1229557676       -1.4624743827        0.3429010082
       -0.1226376730        1.4626938135        0.3428940007
       -0.1242824853       -1.4636397693       -0.3395492440
       -0.1239641375        1.4638562188       -0.3395562572
       -0.7662026897        1.2483145125        0.3445862386
       -0.7664741442       -1.2479551110        0.3445922187
       -0.7686474730       -1.2494497936       -0.3353613215
       -0.7683756937        1.2498064100       -0.3353673088
       -1.4149927277        0.3370398554       -0.3640023864
       -1.4150659758       -0.3365427663       -0.3640007728
