         1.0000000000       39.4320000000        1.0000000000        9.0000000000        6.0000000000
       -0.0000026925       -0.0000001910       -0.0000000104
       -0.0000026862       -0.0000001896        0.7099835704
        0.1850081656       -0.5694049764        0.3593611409
       -0.4843673232       -0.3519117250        0.3593611464
       -0.4843673509        0.3519113063        0.3593611450
        0.1850081208        0.5694046104        0.3593611386
        0.5987049413       -0.0000001667        0.3593611361
        0.5987049349       -0.0000001682       -0.3593611674
        0.1850081144        0.5694046089       -0.3593611649
       -0.4843673573        0.3519113049       -0.3593611586
       -0.4843673296       -0.3519117265       -0.3593611571
        0.1850081593       -0.5694049778       -0.3593611626
       -0.0000026988       -0.0000001924       -0.7099835912
       -0.0000026802       -0.0000001882        1.3884171268
        0.1843680113       -0.5674347637        1.0560102793
       -0.4826913553       -0.3506940660        1.0560102848
       -0.4826913829        0.3506936502        1.0560102834
        0.1843679666        0.5674344005        1.0560102771
        0.5966333447       -0.0000001654        1.0560102745
        0.7858426873       -0.5709502266        0.7160077408
        0.3670660570       -1.1297214668        0.6893095960
       -0.3001688639       -0.9238168172        0.7160077511
       -0.9610009888       -0.6982063835        0.6893096069
       -0.9713609598       -0.0000002278        0.7160077552
       -0.9610010438        0.6982059286        0.6893096041
       -0.3001689367        0.9238164144        0.7160077474
        0.3670659680        1.1297211164        0.6893095915
        0.7858426424        0.5709499093        0.7160077385
        1.1878565756       -0.0000001429        0.6893095865
        0.7717544792       -0.5607145511       -0.0000000161
        0.3721844972       -1.1454744239       -0.0000000114
       -0.2947876568       -0.9072551444       -0.0000000059
       -0.9744012593       -0.7079422476       -0.0000000003
       -0.9539469915       -0.0000002286       -0.0000000019
       -0.9744013150        0.7079417889       -0.0000000032
       -0.2947877283        0.9072547392       -0.0000000096
        0.3721844070        1.1454740712       -0.0000000160
        0.7717544351        0.5607142298       -0.0000000183
        1.2044202077       -0.0000001436       -0.0000000210
        1.1878565634       -0.0000001456       -0.6893096283
        0.7858426297        0.5709499064       -0.7160077755
        0.3670659558        1.1297211136       -0.6893096233
       -0.3001689494        0.9238164115       -0.7160077666
       -0.9610010560        0.6982059258       -0.6893096107
       -0.9713609724       -0.0000002307       -0.7160077588
       -0.9610010010       -0.6982063862       -0.6893096079
       -0.3001688766       -0.9238168201       -0.7160077628
        0.3670660448       -1.1297214695       -0.6893096187
        0.7858426747       -0.5709502294       -0.7160077732
        0.5966333260       -0.0000001696       -1.0560103059
        0.1843679479        0.5674343962       -1.0560103033
       -0.4826914016        0.3506936460       -1.0560102970
       -0.4826913740       -0.3506940703       -1.0560102956
        0.1843679926       -0.5674347680       -1.0560103011
       -0.0000027048       -0.0000001938       -1.3884171475
        1.3569648502       -0.5673127207        0.3417688632
        1.3569648055        0.5673124469        0.3417688609
        1.3569648441       -0.5673127221       -0.3417689057
        1.3569647994        0.5673124455       -0.3417689079
        0.9588697077       -1.1152437228        0.3417688678
        0.9588696199        1.1152434176        0.3417688633
        0.9588697016       -1.1152437241       -0.3417689010
        0.9588696138        1.1152434162       -0.3417689055
       -0.1202229377       -1.4658622243        0.3417688781
       -0.1202230531        1.4658618342        0.3417688722
       -0.1202229437       -1.4658622256       -0.3417688908
       -0.1202230591        1.4658618328       -0.3417688967
       -0.7643545510        1.2565707955        0.3417688783
       -0.7643544521       -1.2565712363        0.3417688833
       -0.7643544581       -1.2565712377       -0.3417688855
       -0.7643545571        1.2565707941       -0.3417688906
       -1.4312704286       -0.3386402198        0.3417688874
       -1.4312704553        0.3386397264        0.3417688860
       -1.4312704346       -0.3386402211       -0.3417688814
       -1.4312704613        0.3386397250       -0.3417688828
