         1.0000000000       39.4320000000        1.0000000000        9.0000000000        6.0000000000
       -0.0015272998       -0.0001398897       -0.0000000094
       -0.0030969239       -0.0001356110        0.7114778525
        0.1845622293       -0.5703955817        0.3591085114
       -0.4849363567       -0.3517180299        0.3595850253
       -0.4830128598        0.3540679040        0.3595850244
        0.1876677074        0.5690930305        0.3591085099
        0.5920881326       -0.0017576849        0.3651568835
        0.5920881275       -0.0017576858       -0.3651569105
        0.1876677024        0.5690930296       -0.3591085327
       -0.4830128648        0.3540679031       -0.3595850374
       -0.4849363617       -0.3517180309       -0.3595850364
        0.1845622243       -0.5703955827       -0.3591085312
       -0.0030969337       -0.0001356129       -0.7114778712
       -0.0016261605       -0.0001396184        1.3895832472
        0.1850261218       -0.5675178238        1.0551850261
       -0.4837428933       -0.3507629847        1.0571604577
       -0.4818246198        0.3531063698        1.0571604568
        0.1881159075        0.5662127887        1.0551850246
        0.5947229439       -0.0017648646        1.0595239015
        0.7883253673       -0.5727214605        0.7140068373
        0.3689027557       -1.1298109662        0.6885125855
       -0.3001379933       -0.9233697916        0.7165215653
       -0.9615544790       -0.6968857433        0.6895037749
       -0.9696709005        0.0024986184        0.7164330053
       -0.9577425269        0.7018283514        0.6895037730
       -0.2951013897        0.9247039108        0.7165215628
        0.3750546515        1.1274953373        0.6885125825
        0.7914345541        0.5681279973        0.7140068358
        1.1902379480       -0.0033878377        0.7025483991
        0.7724951612       -0.5656028206       -0.0000000140
        0.3744141615       -1.1471517399       -0.0000000104
       -0.2948298303       -0.9069207083       -0.0000000061
       -0.9749262619       -0.7066313822       -0.0000000017
       -0.9521543052        0.0024508790       -0.0000000028
       -0.9710609915        0.7116467280       -0.0000000036
       -0.2898829632        0.9082261372       -0.0000000086
        0.3806604933        1.1448058111       -0.0000000135
        0.7755657823        0.5610957454       -0.0000000155
        1.1724675018       -0.0033394084       -0.0000000175
        1.1902379383       -0.0033878396       -0.7025484343
        0.7914345442        0.5681279954       -0.7140068670
        0.3750546420        1.1274953355       -0.6885126094
       -0.2951013996        0.9247039089       -0.7165215799
       -0.9577425365        0.7018283495       -0.6895037803
       -0.9696709104        0.0024986164       -0.7164330107
       -0.9615544886       -0.6968857452       -0.6895037784
       -0.3001380032       -0.9233697935       -0.7165215774
        0.3689027461       -1.1298109680       -0.6885126064
        0.7883253574       -0.5727214624       -0.7140068654
        0.5947229293       -0.0017648675       -1.0595239284
        0.1881158929        0.5662127859       -1.0551850474
       -0.4818246344        0.3531063670       -1.0571604698
       -0.4837429079       -0.3507629876       -1.0571604689
        0.1850261072       -0.5675178266       -1.0551850459
       -0.0016261797       -0.0001396221       -1.3895832659
        1.3720936037       -0.5670047430        0.3416457782
        1.3751629592        0.5592294696        0.3416457767
        1.3720935989       -0.5670047439       -0.3416458144
        1.3751629545        0.5592294687       -0.3416458159
        0.9629934332       -1.1161940370        0.3417643689
        0.9690622835        1.1106404518        0.3417643658
        0.9629934285       -1.1161940379       -0.3417643979
        0.9690622787        1.1106404509       -0.3417644009
       -0.1198719533       -1.4647925110        0.3418663702
       -0.1118869425        1.4651360264        0.3418663662
       -0.1198719581       -1.4647925120       -0.3418663833
       -0.1118869472        1.4651360255       -0.3418663873
       -0.7575960213        1.2590522818        0.3418925026
       -0.7644481579       -1.2551923182        0.3418925060
       -0.7644481626       -1.2551923191       -0.3418925108
       -0.7575960260        1.2590522809       -0.3418925143
       -1.4299365560       -0.3350263342        0.3418359944
       -1.4280900014        0.3425272855        0.3418359935
       -1.4299365607       -0.3350263351       -0.3418359924
       -1.4280900061        0.3425272845       -0.3418359934
        1.7535899386       -0.0049231561        0.3301346436
        1.7535899341       -0.0049231570       -0.3301346866
