         1.0000000000       39.4320000000        1.0000000000        9.0000000000        6.0000000000
        0.0010870780        0.0008983966       -0.0000000091
       -0.0006767403        0.0009347027        0.7108737478
        0.1866074577       -0.5688467650        0.3590297930
       -0.4831745856       -0.3508236247        0.3593186042
       -0.4820665019        0.3540210238        0.3593385373
        0.1885276690        0.5702340772        0.3587961459
        0.5965541665        0.0003318705        0.3637214804
        0.5965541619        0.0003318696       -0.3637215062
        0.1885276644        0.5702340764       -0.3587961679
       -0.4820665064        0.3540210229       -0.3593385502
       -0.4831745901       -0.3508236256       -0.3593186154
        0.1866074531       -0.5688467658       -0.3590298122
       -0.0006767494        0.0009347010       -0.7108737660
       -0.0010022965        0.0004683799        1.3894611097
        0.1856258632       -0.5668289510        1.0554200156
       -0.4824120982       -0.3500370683        1.0564363223
       -0.4816194167        0.3528628504        1.0565969111
        0.1864201330        0.5676196653        1.0560583601
        0.5953469039       -0.0008611988        1.0594222175
        0.7885276948       -0.5721086450        0.7145880088
        0.3689793385       -1.1291887054        0.6888642926
       -0.2988963422       -0.9226493037        0.7159100003
       -0.9601068266       -0.6965765491        0.6891680452
       -0.9692566632        0.0022580217        0.7158985678
       -0.9579933003        0.7011150614        0.6891874276
       -0.2961287134        0.9251019721        0.7159532233
        0.3724143387        1.1296213667        0.6890713543
        0.7882164696        0.5703368844        0.7168154465
        1.1913025021       -0.0042451730        0.7036315359
        0.7749817434       -0.5623953497       -0.0000000134
        0.3744906585       -1.1452102539       -0.0000000102
       -0.2933666363       -0.9061455550       -0.0000000062
       -0.9733355546       -0.7062112433       -0.0000000021
       -0.9516959247        0.0023085807       -0.0000000030
       -0.9711404658        0.7108585707       -0.0000000037
       -0.2905063702        0.9087677956       -0.0000000083
        0.3784956079        1.1462271064       -0.0000000128
        0.7779260323        0.5634061314       -0.0000000147
        1.1839865614        0.0018426795       -0.0000000166
        1.1913024932       -0.0042451746       -0.7036315693
        0.7882164605        0.5703368828       -0.7168154761
        0.3724143300        1.1296213651       -0.6890713799
       -0.2961287226        0.9251019704       -0.7159532398
       -0.9579933091        0.7011150598       -0.6891874353
       -0.9692566724        0.0022580200       -0.7158985736
       -0.9601068354       -0.6965765507       -0.6891680496
       -0.2988963513       -0.9226493054       -0.7159100126
        0.3689793297       -1.1291887070       -0.6888643128
        0.7885276857       -0.5721086466       -0.7145880358
        0.5953468904       -0.0008612013       -1.0594222433
        0.1864201196        0.5676196629       -1.0560583820
       -0.4816194302        0.3528628480       -1.0565969240
       -0.4824121117       -0.3500370707       -1.0564363336
        0.1856258497       -0.5668289535       -1.0554200349
       -0.0010023142        0.0004683767       -1.3894611279
        1.3711742722       -0.5691061896        0.3418584627
        1.3733309984        0.5645337125        0.3534581081
        1.3711742678       -0.5691061904       -0.3418584970
        1.3733309939        0.5645337117       -0.3534581452
        0.9619770880       -1.1159749807        0.3416538517
        0.9656941684        1.1149445949        0.3423355120
        0.9619770836       -1.1159749815       -0.3416538795
        0.9656941640        1.1149445941       -0.3423355451
       -0.1188949464       -1.4646232915        0.3417066024
       -0.1142681695        1.4665373479        0.3417529660
       -0.1188949508       -1.4646232923       -0.3417066157
       -0.1142681739        1.4665373471       -0.3417529862
       -0.7592730575        1.2589346266        0.3417447723
       -0.7631850372       -1.2549718175        0.3417282363
       -0.7631850415       -1.2549718183       -0.3417282418
       -0.7592730619        1.2589346258       -0.3417447838
       -1.4294471927       -0.3357258352        0.3417024565
       -1.4284005055        0.3417488995        0.3417088584
       -1.4294471971       -0.3357258360       -0.3417024557
       -1.4284005098        0.3417488987       -0.3417088592
        1.7659227091       -0.0159569223        0.3392069583
        1.7659227048       -0.0159569231       -0.3392069989
        1.9300865282        0.5240552880       -0.0000000220
