         1.0000000000       39.4320000000        1.0000000000        9.0000000000        6.0000000000
        0.3426949499        0.3516309471       -0.5062339875
        1.0449667833        0.3444634290       -0.5252280671
        0.3318338642        1.0550959342       -0.5082223497
       -0.3604686140        0.3563151263       -0.4875907259
       -0.9375277111        0.7108577294       -0.3120163137
       -0.9380541707       -0.7103539871       -0.3115809469
       -0.3607116705        1.0516865895       -0.4884805418
       -0.3607326053       -0.3563466369       -0.4873724127
       -0.9232040298        0.0002488750       -0.3039405400
       -0.3614908349       -1.0517181439       -0.4878361955
        0.3424342316       -0.3521948278       -0.5060183811
        1.0447111782       -0.3455592352       -0.5250166891
        0.3310519794       -1.0556526615       -0.5075757537
        0.0000000000        0.0000000000        0.0000000000
        0.7050517028       -0.0002661026       -0.0160943278
       -0.0029581050        0.7032874255       -0.0045665706
       -0.0034791427       -0.7032877068       -0.0041356876
        0.6875474981        0.6868284623       -0.0151886695
       -0.5840923063        0.3521842694        0.1793304768
       -0.5843530245       -0.3516415056        0.1795460832
       -0.5830538945       -1.0551069105        0.1686080193
       -0.5822720097        1.0556416852        0.1679614233
        0.6870384622       -0.6873468270       -0.0147677116
       -0.0204401687       -0.0002901045       -0.9717343823
        0.6894608010       -0.0005634302       -1.0055439528
       -0.7237064646       -0.0000316201       -0.9783498796
       -0.0234218372        0.7103119784       -0.9882000867
       -0.0239482968       -0.7108997381       -0.9877647199
        0.6697649665        0.6927427061       -0.9933468925
       -0.7144345853        0.6865791463       -0.9663697625
       -0.7149432675       -0.6866415984       -0.9659490970
        0.6692513319       -0.6938471816       -0.9929221316
        0.3639477567        0.3469725805        0.4917264134
       -0.2157253988       -0.6868078475        0.6530261306
       -0.2217355534        0.0002872196        0.6694701365
        0.3636907103       -0.3469407886        0.4919389833
        0.3094438440        0.3396076976       -1.4558374160
       -0.3671849620        0.3401993619       -1.4470034115
       -0.3674372297       -0.3408137071       -1.4467947934
        0.3091918269       -0.3407287427       -1.4556290052
        1.0635286686        0.3445220565        0.4815001809
        1.0632732434       -0.3450148226        0.4817114101
        0.3622436258        1.0539083067        0.4888520957
       -0.2152163630        0.6873674418        0.6526051728
        1.3836351133       -0.0005210362       -0.0277347768
        0.0042363951        1.3840661184        0.0046099275
        0.1494227947        0.3450678075        1.1576839539
        0.7222025055        0.0000315544        0.9763167374
        0.7112235895        0.6974866467        0.9609118596
        1.3646677557        0.6836352985       -0.0295999625
        1.0144042216        1.0237882095       -0.5033818034
        0.6903435217        1.3665554555       -0.0182012096
        1.0409554105        1.0260642454        0.4560518311
        0.1491673695       -0.3444690716        1.1578951831
        0.7107068725       -0.6974245200        0.9613391695
        0.3614628388       -1.0538766866        0.4894977839
        0.0032109957       -1.3840657930        0.0054579029
        1.0401950584       -1.0265555644        0.4566806202
        1.0136453452       -1.0248476747       -0.5027542347
        0.6893309018       -1.3670774233       -0.0173638024
        1.3641608964       -0.6846641454       -0.0291808047
       -0.2194033317       -1.3665348793        0.6548464528
       -0.2183907119        1.3670979995        0.6540090456
        0.1314608248       -1.0260130204        1.1288908754
        0.1322211769        1.0266067894        1.1282620863
       -1.2759191956        0.3407419058       -0.7747931563
       -1.2761714633       -0.3402711631       -0.7745845382
       -1.4823941193        0.3406774833       -0.1303763405
       -1.4826461364       -0.3396589570       -0.1301679297
       -1.1453359746        0.6938263805        0.3493223081
       -1.1632983740        0.0005427274        0.3649818532
       -1.1458496092       -0.6927635071        0.3497470690
       -0.7781926181       -1.0237778890        0.8227068408
       -0.8080479969       -0.3444530775        0.8455091169
       -0.8077923917        0.3455695866        0.8452977389
       -0.7774337417        1.0248579952        0.8220792721
       -0.4271702075        0.6847050842        1.2958611130
       -0.4314658279        0.0005626382        1.3149344238
       -0.4276770668       -0.6835943597        1.2962802708
