         1.0000000000       39.4320000000        1.0000000000        9.0000000000        6.0000000000
        0.3380049517        0.3294112893       -0.5133883840
        1.0420203304        0.3260258951       -0.5312656949
        0.3273390941        1.0344507320       -0.5131448538
       -0.3665506354        0.3330019148       -0.4957612404
       -0.9417835705        0.6890728077       -0.3180383603
       -0.9427961124       -0.7332856424       -0.3176430220
       -0.3668341115        1.0299753189       -0.4964643892
       -0.3657139363       -0.3794105060       -0.4943030003
       -0.9280033215       -0.0225097554       -0.3103530149
       -0.3657532558       -1.0744809227       -0.4940371726
        0.3378628015       -0.3744626650       -0.5127723614
        1.0409673224       -0.3648758991       -0.5312323784
        0.3272624401       -1.0778577105       -0.5139904331
       -0.0055770099       -0.0234718319       -0.0075298316
        0.7004917378       -0.0218948583       -0.0236883585
       -0.0110889084        0.6791942864       -0.0153048759
       -0.0081525485       -0.7261597941       -0.0106896973
        0.6840986861        0.6654115269       -0.0246401334
       -0.5897155668        0.3297261817        0.1727511882
       -0.5893937937       -0.3741479301        0.1730240942
       -0.5877631242       -1.0775471271        0.1627599854
       -0.5860501380        1.0347607600        0.1623953379
        0.6825701133       -0.7086805892       -0.0214973681
       -0.0250201078       -0.0228162513       -0.9781969436
        0.6857768466       -0.0210880973       -1.0112130031
       -0.7290031065       -0.0230697890       -0.9856651664
       -0.0280211775        0.6887626530       -0.9938545407
       -0.0279708295       -0.7335961578       -0.9942453130
        0.6653719263        0.6728157923       -0.9984323291
       -0.7198328614        0.6640828712       -0.9735815529
       -0.7194349107       -0.7096637465       -0.9724130306
        0.6657715085       -0.7148662003       -0.9988048747
        0.3589030719        0.3163085925        0.4851230775
       -0.2207371039       -0.7083739833        0.6465861927
       -0.2277785164       -0.0215797793        0.6628577966
        0.3589206262       -0.3718295596        0.4854626220
        0.3055088702        0.3185478076       -1.4609797421
       -0.3712120684        0.3178625475       -1.4530056180
       -0.3713915051       -0.3635567230       -1.4531211757
        0.3055769237       -0.3621061556       -1.4613044714
        1.0570748046        0.3274893509        0.4749908769
        1.0580812322       -0.3634979197        0.4753803637
        0.3535045849        1.0033264478        0.4775085570
       -0.2235867363        0.6657196189        0.6466815360
        1.3786986844       -0.0169717820       -0.0330983866
       -0.0023506331        1.3696817344       -0.0038068536
        0.1447803687        0.3277990073        1.1497213603
        0.7184443185       -0.0220668576        0.9714094792
        0.7096130697        0.6735475021        0.9591496202
        1.3587690801        0.6688073794       -0.0327011341
        1.0096346600        1.0061299623       -0.5092950988
        0.6863111382        1.3554735583       -0.0205084231
        1.0306248684        1.0133687032        0.4542092283
        0.1445548627       -0.3631878451        1.1510219817
        0.7065630996       -0.7187005618        0.9556647440
        0.3574438299       -1.0766503903        0.4837893305
       -0.0007846741       -1.4062974355       -0.0004155509
        1.0362159390       -1.0455774855        0.4501113357
        1.0104120331       -1.0446322168       -0.5083316585
        0.6857455815       -1.3881059381       -0.0235344212
        1.3599146276       -0.7019277441       -0.0349468922
       -0.2239128551       -1.3877971765        0.6492464842
       -0.2199811728        1.3557811775        0.6497829050
        0.1264967644       -1.0452687032        1.1229371628
        0.1329557195        1.0136733954        1.1181228891
       -1.2804778870        0.3181711759       -0.7805150918
       -1.2808348550       -0.3632480344       -0.7804993479
       -1.4862604654        0.3191559806       -0.1357920151
       -1.4868895709       -0.3614977460       -0.1356011275
       -1.1492079475        0.6734317078        0.3436260099
       -1.1677078990       -0.0204589765        0.3596192732
       -1.1502901081       -0.7142497819        0.3443493572
       -0.7823785410       -1.0440236972        0.8176113737
       -0.8129244057       -0.3642466402        0.8399009011
       -0.8129614255        0.3266555240        0.8406737661
       -0.7821722101        1.0067381480        0.8159203886
       -0.4288507506        0.6694141440        1.2894176304
       -0.4353673340       -0.0163560409        1.3085799063
       -0.4319350133       -0.7013195438        1.2903002283
        0.3621661874        1.6536386976        0.4889213486
