         1.0000000000       39.4320000000        1.0000000000        9.0000000000        6.0000000000
        0.0464217745       -0.0000000036        0.0751121998
       -0.4970354212       -0.3265042893        0.2600213934
       -0.4970354271        0.3265042741        0.2600213904
       -0.1694433370       -0.5288471798       -0.2741657584
       -0.5756146005       -0.0000000108       -0.3025861558
       -0.1694433465        0.5288471656       -0.2741657632
        0.4548519227        0.3265042800       -0.3282758875
        0.4548519286       -0.3265042835       -0.3282758846
       -0.0132171735       -0.0000000074       -0.6501660197
