         1.0000000000       39.4320000000        1.0000000000        9.0000000000        6.0000000000
        0.0493283436       -0.0000000035        0.0798151389
        0.1492490802       -0.6262548708        0.2414906815
       -0.4644347885       -0.3496699332        0.2807823322
       -0.4644347948        0.3496699187        0.2807823290
        0.1492490691        0.6262548669        0.2414906758
       -0.1881234045       -0.5464025040       -0.3043908175
       -0.5655415181       -0.0000000106       -0.2734531176
       -0.1881234143        0.5464024892       -0.3043908225
        0.4588415393        0.3496699244       -0.2898324126
        0.4588415456       -0.3496699275       -0.2898324094
        0.0083353398       -0.0000000071       -0.6281276423
