         1.0000000000       39.4320000000        1.0000000000        9.0000000000        6.0000000000
       -0.0000000500       -0.0000000042        0.0406975373
        0.1859895184       -0.5724178158        0.2744983717
       -0.4869279824       -0.3537736725        0.2744976250
       -0.4869279888        0.3537736576        0.2744976218
        0.1859895082        0.5724178129        0.2744983665
        0.6018753992        0.0000000023        0.2744988299
       -0.1800427403       -0.5541155713       -0.2891633934
       -0.5826312680       -0.0000000109       -0.2891638420
       -0.1800427502        0.5541155568       -0.2891633984
        0.4713591650        0.3424622509       -0.2891626756
        0.4713591711       -0.3424622537       -0.2891626725
        0.0000006983       -0.0000000072       -0.6346307677
