         1.0000000000       39.4320000000        1.0000000000        9.0000000000        6.0000000000
        0.0000000000        0.0000000000        0.0000000000
       -0.0000000001        0.0000000000        0.6342268199
        0.0000000001       -0.0000000001       -0.6342268199
        0.3221163941       -0.5579219605        0.2953321317
        0.3221163940        0.5579219606        0.2953321317
        0.5579219605        0.3221163941       -0.2953321316
        0.5579219606       -0.3221163941       -0.2953321316
        0.0000000000        0.6442327882       -0.2953321317
       -0.3221163941       -0.5579219606        0.2953321317
        0.0000000001       -0.6442327882       -0.2953321316
       -0.3221163942        0.5579219605        0.2953321316
       -0.6442327883       -0.0000000001        0.2953321316
       -0.5579219606        0.3221163940       -0.2953321318
       -0.5579219605       -0.3221163942       -0.2953321317
        0.6442327882        0.0000000001        0.2953321317
