         1.0000000000       39.4320000000        1.0000000000        9.0000000000        6.0000000000
        0.2837053366        0.8618577876        0.0267335726
        0.2855047834       -0.8616030080        0.0153100064
        0.0435495721       -0.0048235915        0.7299996520
        0.1503277223        0.0048702494       -0.7156796235
       -0.4851782582        0.0033419087       -0.5852058340
       -0.5658908369       -0.0039855725        0.5075692531
       -0.6552314328        0.3405610330       -0.0461119754
       -0.6545194588       -0.3413481356       -0.0506318546
        0.4801915358        0.3331372783        0.3680908575
        0.5287299067        0.3375438282       -0.2890746466
        0.4808912657       -0.3370448410        0.3636487084
        0.5294296366       -0.3326382912       -0.2935167957
       -0.1148876523       -0.5389173556       -0.3930130306
       -0.1160180827        0.5437778462       -0.3858366327
       -0.1719790012        0.5386974414        0.3718234310
       -0.1708485708       -0.5439977605        0.3646470331
       -0.0203567287       -0.0000417112       -0.0015038809
