         1.0000000000       39.4320000000        1.0000000000        9.0000000000        6.0000000000
        0.0181706769       -0.0139418621        0.0865152738
        0.0182053813       -0.0230842849        0.7347462776
        0.1964603838       -0.5785024727        0.3566735117
       -0.4599767692       -0.3606436020        0.3597812606
       -0.4556098296        0.3309253983        0.3695346736
        0.2035262405        0.5404796753        0.3724548654
        0.6065277954       -0.0215776592        0.3645062302
       -0.1726802429       -0.5843733164       -0.2378616342
       -0.5876263576       -0.0056571691       -0.2296774095
       -0.1654049613        0.5677743345       -0.2216125372
        0.5104883271        0.3434583465       -0.2248123966
        0.5059919558       -0.3686080618       -0.2348548909
        0.0181368115       -0.0050204845       -0.5460428211
        0.0181021071        0.0041219384       -1.1942738250
       -0.4600404091       -0.3438784844       -0.8289265034
        0.1963967438       -0.5617373551       -0.8320342522
       -0.4556734695        0.3476905158       -0.8191730904
        0.2034626005        0.5572447929       -0.8162528986
        0.6064641554       -0.0048125417       -0.8242015337
