         1.0000000000       39.4320000000        1.0000000000        9.0000000000        6.0000000000
       -0.0000033918       -0.0194604913       -0.0716526533
        0.0325452263       -0.0018167793       -0.7320509336
        0.2345663681       -0.5615841020       -0.3815018870
       -0.4202135695       -0.3895447974       -0.4311551364
       -0.4817988551        0.3203162918       -0.3307859648
        0.2000856573        0.5376081314       -0.3758068819
        0.6065149988       -0.0066341110       -0.3482319353
       -0.1456061280       -0.6329080193        0.1789320870
       -0.6621711250       -0.1851053240        0.1556943617
       -0.7516325624        0.0615643552        0.8403101633
       -0.1103274096        0.6371121362        0.2070515015
        0.4964485789        0.3274970289        0.2340799001
        0.4780217701       -0.3610163714        0.2496238267
       -0.1432434981        0.0413950762        0.5483864062
       -0.1000295263        0.0826178445        1.1805010676
       -0.7358348238        0.4507840915        0.2895134460
       -0.5277163111       -0.5325131810        0.7186683629
        0.1152992688       -0.5301464536        0.8101888185
       -0.4094016896        0.6163704850        0.8476909956
        0.2340679713        0.5840132626        0.8011175321
        0.5005260428       -0.0074231471        0.8301613347
