         1.0000000000       39.4320000000        1.0000000000        9.0000000000        6.0000000000
       -0.6215757497       -0.8146042988       -0.1183795384
       -0.3946801419        0.9456025390       -0.1183795383
        1.0162558916       -0.1309982402       -0.1183795383
       -0.2336614293        0.7560449565        0.5085798367
       -0.5379234241       -0.5803792119        0.5085798367
        0.7715848534       -0.1756657446        0.5085798367
       -0.7944688499        0.5166627996        0.2060298359
        0.8446775346        0.4296988067        0.2060298359
       -0.0502086847       -0.9463616063        0.2060298358
       -0.5740344967       -0.3275769822       -0.5619257405
        0.5707072366       -0.3333399657       -0.5619257405
        0.0033272601        0.6609169479       -0.5619257405
        0.6151365206        0.3784985954       -0.4630911064
        0.0202211386       -0.7219731514       -0.4630911064
       -0.6353576592        0.3434745560       -0.4630911064
        0.5192265702       -0.6418430781        0.0421441043
       -0.8154656960       -0.1287418610        0.0421441043
        0.2962391258        0.7705849391        0.0421441043
       -0.3972651953        0.0736178479        0.5806152677
        0.2623875241        0.3072328272        0.5806152677
        0.1348776712       -0.3808506751        0.5806152677
        0.0000000000        0.0000000000       -0.5909018006
       -0.1894768396       -0.3281835130        0.0029946076
       -0.1894768396        0.3281835130        0.0029946076
        0.3789536791        0.0000000000        0.0029946076
