         1.0000000000       39.4320000000        1.0000000000        9.0000000000        6.0000000000
        0.3608715489       -0.9753738539        0.0000000000
        0.7492835914        0.6106251139       -0.3232636831
        0.7492835914        0.6106251139        0.3232636831
        0.2020381788        0.9632931776        0.0000000000
       -0.9604093915        0.4185347404        0.0000000000
       -0.8151407009        0.1119902259       -0.5551693087
       -0.8151407009        0.1119902259        0.5551693087
        0.1824672757        0.6240829488       -0.6321110816
        0.1824672757        0.6240829487        0.6321110817
        0.7596454253       -0.5659765247        0.3409533167
        0.7596454253       -0.5659765246       -0.3409533168
       -0.9983571953       -0.2726600683        0.0000000000
       -0.5684983611       -0.4916285611        0.4990493678
       -0.5684983611       -0.4916285611       -0.4990493678
        0.1087538193       -0.6145299098        0.5674457041
        0.1087538193       -0.6145299097       -0.5674457042
       -0.2660321212       -0.7783833189        0.0000000000
       -0.3941401023        0.6014291033        0.3286888771
       -0.3941401023        0.6014291033       -0.3286888770
        0.8635255868        0.0200834044        0.0000000000
        0.5094324287        0.0153801298        0.5683541745
        0.5094324287        0.0153801299       -0.5683541745
       -0.1462920550        0.0244898219       -0.6245614776
       -0.1462920550        0.0244898219        0.6245614776
        0.2318366530       -0.3106287837        0.0000000000
        0.1925895861        0.3308831234        0.0000000000
       -0.3970854878       -0.0274731174        0.0000000000
