         1.0000000000       39.4320000000        1.0000000000        9.0000000000        6.0000000000
        0.4140213477       -0.4160248139       -0.3493244094
        0.5679568375       -0.2907556154        1.6163310044
        0.2039471585       -0.9031345489        0.0190603089
        0.5881359301        0.2461209041        1.2569667415
       -0.9934726144        0.0213644376        0.7822031300
        0.0148545963        0.1061982659       -0.3491967957
        0.6091592769        0.1420847809       -0.0498359558
        0.4323700912       -0.8621871034        1.3114614367
       -0.5785588022        0.3552850312        1.2090486642
       -0.0349463731       -0.5496438722        1.6741174537
       -0.8272129712       -0.6363931564        0.8579355622
       -0.8505911363       -0.4012192592        0.2445732818
       -0.5549702632        0.5178931667        0.5709577893
        0.7516435772       -0.4568177720        0.2573417882
        0.8103926377       -0.3998142031        0.9719401269
       -0.2992623288       -0.4867938944       -0.2029534958
       -0.0193844344        0.1236470524        1.5566222413
       -0.5084804574        0.1151629560        0.0490348111
       -0.5347197242       -0.2819381128        1.3330545769
        0.0564238375        0.4255441156        0.2545392531
       -0.2160544683       -0.8346926221        1.0840339855
        0.5686242155        0.1136707635        0.6107202736
        0.3324881392       -0.7974538768        0.6582721169
       -0.3197419694       -0.7740182284        0.4198091418
        0.0226520342        0.4005244455        0.9254715439
       -0.3724136953       -0.1294768991        0.6844505006
        0.1186872901       -0.2523922670        0.2570291384
        0.1627572685       -0.2696876741        1.0513867858
