         1.0000000000       39.4320000000        1.0000000000        9.0000000000        6.0000000000
        0.1249350979       -1.6345258739       -0.4254215202
       -0.5505537527       -1.6245161078       -0.4282481167
       -0.1808241420        0.3445954005        0.4255771113
       -0.1863152457        0.3391083030       -1.2920292727
       -0.6093360751        0.4979630444       -0.8169734604
        0.2466761499        0.4877516420       -0.0504578316
       -0.1834148957       -0.2736603696       -1.4911298253
       -0.2018771974       -0.2665141461        0.6286455214
       -0.8899970619       -1.1594561344       -0.7676284960
        0.4780541928       -1.1775471917       -0.0890304237
        0.4860615873       -1.1721369326       -0.7545435302
       -0.8977764906       -1.1494966495       -0.1021652188
       -1.1064014359       -0.5066870094       -0.0965379722
        0.7136582830       -0.5358473149       -0.7643176629
        0.7091183680       -0.5453914598       -0.0792649914
       -1.1022124405       -0.5208023050       -0.7815139389
       -0.7538323641       -0.0583288431       -1.1577588757
        0.3746434737       -0.0703600672        0.2939405206
        0.3587465220       -0.0390731969       -1.1050528097
       -0.7368800042       -0.0184587713        0.2410037612
       -0.4167301699        0.4662790008       -0.1809288135
        0.0531541463        0.4576711824       -0.6863022357
        0.1438070839       -0.7055168368        0.2667419322
       -0.5419319975       -0.6998625597       -1.1264212104
        0.1560931745       -0.6941053163       -1.1113912256
       -0.5537417396       -0.6791580692        0.2516078260
       -0.2109118748       -1.1763022569       -0.0712480395
       -0.2012988463       -1.1787599905       -0.7853523325
        0.4158937856       -0.0438565986       -0.4184999322
       -0.7942100053       -0.0259957620       -0.4455091732
       -0.5372737647       -0.6725326556       -0.4339967470
        0.1398948572       -0.6825500738       -0.4258455949
       -0.2077369596       -0.1683979876       -0.7814608593
       -0.1745122589       -0.1666220931       -0.0816885626
