         1.0000000000       39.4320000000        1.0000000000        9.0000000000        6.0000000000
       -1.0798863914       -0.0000000003        0.4022031750
        1.0798863914        0.0000000003        0.4022031751
        0.0000000002       -0.6412839863        0.8417367135
       -0.0000000002        0.6412839864        0.8417367134
       -1.0972965218       -0.0000000003       -0.2492383419
        1.0972965218        0.0000000003       -0.2492383418
        0.3253575102        0.0000000000       -1.0348621076
       -0.3253575102       -0.0000000001       -1.0348621076
        0.3536579547       -0.9625778438        0.3805162617
       -0.3536579547        0.9625778439        0.3805162616
        0.3536579542        0.9625778441        0.3805162616
       -0.3536579542       -0.9625778440        0.3805162617
        0.3343145684       -0.9073354168       -0.2839803295
       -0.3343145684        0.9073354168       -0.2839803295
        0.3343145680        0.9073354169       -0.2839803295
       -0.3343145679       -0.9073354170       -0.2839803295
        0.0000000002       -0.5664600755       -0.7801838896
       -0.0000000001        0.5664600755       -0.7801838896
       -0.8318745517       -0.5777022178        0.0631260366
        0.8318745517        0.5777022178        0.0631260365
        0.8318745519       -0.5777022174        0.0631260366
       -0.8318745519        0.5777022174        0.0631260365
       -0.5719413497       -0.3629527846        0.6455956339
       -0.5719413499        0.3629527844        0.6455956339
        0.5719413499       -0.3629527843        0.6455956339
        0.5719413497        0.3629527847        0.6455956339
        0.5983440693        0.3482242819       -0.5328489154
        0.5983440695       -0.3482242817       -0.5328489154
       -0.5983440693       -0.3482242820       -0.5328489154
       -0.5983440695        0.3482242816       -0.5328489154
        0.0000000000        0.0000000000        0.6170705169
        0.4864162705        0.0000000001        0.0662061976
       -0.4864162705       -0.0000000001        0.0662061976
        0.0000000001       -0.4651706231        0.1096816893
       -0.0000000001        0.4651706231        0.1096816893
        0.0000000000        0.0000000000       -0.4177921383
