         1.0000000000       39.4320000000        1.0000000000        9.0000000000        6.0000000000
        0.3583352374        0.3448134165        0.0088446332
        0.3586074451        1.0212050716        0.0156420834
       -0.3277771743        0.3443389872        0.0123382470
       -1.0020810546        0.3417017486        0.0160721286
       -0.3198665202        1.0189256548        0.0174034712
       -0.3277771743       -0.3443389872        0.0123382470
       -1.0020810546       -0.3417017486        0.0160721286
       -0.3198665202       -1.0189256548        0.0174034712
        0.3583352374       -0.3448134165        0.0088446332
        0.3586074451       -1.0212050716        0.0156420834
        0.0144804954        0.0000000000        0.4971609170
       -0.6890906940        0.0000000000        0.5164608929
        0.0290850555        0.6991033572        0.5141365538
        0.0290850555       -0.6991033572        0.5141365538
       -0.6565788000        0.6812746139        0.4955765747
       -0.6565788000       -0.6812746139        0.4955765747
        0.0156044575        0.0000000000       -0.4753061617
        0.7262447164        0.0000000000       -0.4759164342
       -0.6915143697        0.0000000000       -0.4869395167
        0.0182243243        0.7092870279       -0.4880139593
        0.0182243243       -0.7092870279       -0.4880139593
        0.7005274577        0.6783317786       -0.4699266451
       -0.6628497372        0.6818788503       -0.4656783200
       -0.6628497372       -0.6818788503       -0.4656783200
        0.7005274577       -0.6783317786       -0.4699266451
       -0.3178383878        0.3428732930        0.9762788725
       -0.3178383878       -0.3428732930        0.9762788725
        0.3595139661        0.3376510409       -0.9474008889
       -0.3220980117        0.3401771017       -0.9495879362
       -0.3220980117       -0.3401771017       -0.9495879362
        0.3595139661       -0.3376510409       -0.9474008889
        0.2412321731        0.0000000000        1.1237213692
        0.5934099256        0.3438279952        0.6606442041
        0.5934099256       -0.3438279952        0.6606442041
        0.9362819861        0.0000000000        0.1737234497
        0.9147668915        0.6754125478        0.1672187230
        0.9147668915       -0.6754125478        0.1672187230
