         1.0000000000       39.4320000000        1.0000000000        9.0000000000        6.0000000000
        0.3444866370        0.3444866370        0.0000000000
        1.0208101121        0.3415152959        0.0000000000
        0.3415152959        1.0208101121        0.0000000000
       -0.3444866370        0.3444866370        0.0000000000
       -1.0208101121        0.3415152959        0.0000000000
       -0.3415152959        1.0208101121        0.0000000000
       -0.3444866370       -0.3444866370        0.0000000000
       -1.0208101121       -0.3415152959        0.0000000000
       -0.3415152959       -1.0208101121        0.0000000000
        0.3444866370       -0.3444866370        0.0000000000
        1.0208101121       -0.3415152959        0.0000000000
        0.3415152959       -1.0208101121        0.0000000000
        0.0000000000        0.0000000000        0.4871776741
        0.7071623771        0.0000000000        0.5000393122
       -0.7071623771        0.0000000000        0.5000393122
        0.0000000000        0.7071623771        0.5000393122
        0.0000000000       -0.7071623771        0.5000393122
        0.6811627040        0.6811627040        0.4803339710
       -0.6811627040        0.6811627040        0.4803339710
       -0.6811627040       -0.6811627040        0.4803339710
        0.6811627040       -0.6811627040        0.4803339710
        0.0000000000        0.0000000000       -0.4871776741
        0.7071623771        0.0000000000       -0.5000393122
       -0.7071623771        0.0000000000       -0.5000393122
        0.0000000000        0.7071623771       -0.5000393122
        0.0000000000       -0.7071623771       -0.5000393122
        0.6811627040        0.6811627040       -0.4803339710
       -0.6811627040        0.6811627040       -0.4803339710
       -0.6811627040       -0.6811627040       -0.4803339710
        0.6811627040       -0.6811627040       -0.4803339710
        0.3396474081        0.3396474081        0.9633095342
       -0.3396474081        0.3396474081        0.9633095342
       -0.3396474081       -0.3396474081        0.9633095342
        0.3396474081       -0.3396474081        0.9633095342
        0.3396474081        0.3396474081       -0.9633095342
       -0.3396474081        0.3396474081       -0.9633095342
       -0.3396474081       -0.3396474081       -0.9633095342
        0.3396474081       -0.3396474081       -0.9633095342
