         1.0000000000       39.4320000000        1.0000000000        9.0000000000        6.0000000000
        0.3435764613        0.3435764613        0.0056569912
        1.0220257426        0.3408424275        0.0006931805
        0.3408424275        1.0220257426        0.0006931805
       -0.3435764613        0.3435764613        0.0056569912
       -1.0220257426        0.3408424275        0.0006931805
       -0.3408424275        1.0220257426        0.0006931805
       -0.3435764613       -0.3435764613        0.0056569912
       -1.0220257426       -0.3408424275        0.0006931805
       -0.3408424275       -1.0220257426        0.0006931805
        0.3435764613       -0.3435764613        0.0056569912
        1.0220257426       -0.3408424275        0.0006931805
        0.3408424275       -1.0220257426        0.0006931805
        0.0000000000        0.0000000000        0.5023652240
        0.7087245755        0.0000000000        0.5015174753
       -0.7087245755        0.0000000000        0.5015174753
        0.0000000000        0.7087245755        0.5015174753
        0.0000000000       -0.7087245755        0.5015174753
        0.6856616841        0.6856616841        0.4763570642
       -0.6856616841        0.6856616841        0.4763570642
       -0.6856616841       -0.6856616841        0.4763570642
        0.6856616841       -0.6856616841        0.4763570642
        0.0000000000        0.0000000000       -0.4839114543
        0.7053845676        0.0000000000       -0.4970272804
       -0.7053845676        0.0000000000       -0.4970272804
        0.0000000000        0.7053845676       -0.4970272804
        0.0000000000       -0.7053845676       -0.4970272804
        0.6803652860        0.6803652860       -0.4768512013
       -0.6803652860        0.6803652860       -0.4768512013
       -0.6803652860       -0.6803652860       -0.4768512013
        0.6803652860       -0.6803652860       -0.4768512013
        0.3515576167        0.3515576167        0.9669810251
       -0.3515576167        0.3515576167        0.9669810251
       -0.3515576167       -0.3515576167        0.9669810251
        0.3515576167       -0.3515576167        0.9669810251
        0.3394324409        0.3394324409       -0.9613368987
       -0.3394324409        0.3394324409       -0.9613368987
       -0.3394324409       -0.3394324409       -0.9613368987
        0.3394324409       -0.3394324409       -0.9613368987
        0.0000000000        0.0000000000        1.3997363250
