         1.0000000000       39.4320000000        1.0000000000        9.0000000000        6.0000000000
       -0.0554673856       -0.0000017441        0.0813846372
       -0.0438865726       -0.0000003847        0.7159679719
        0.2415606068       -0.5702965120        0.3591665371
       -0.4167063457       -0.5924584444        0.3478247522
       -0.4167063649        0.5924560858        0.3478222142
        0.2415605883        0.5702942233        0.3591640941
        0.5869777639       -0.0000011569        0.3506704049
       -0.2145907745       -0.5535871252       -0.2987341415
       -0.5964679143       -0.0000025664       -0.2984383918
       -0.2145907924        0.5535820035       -0.2987365129
        0.4349745251        0.3412167000       -0.2663192415
        0.4349745362       -0.3412216618       -0.2663177798
       -0.0163506667       -0.0000033161       -0.6528232232
       -0.6824359717       -0.0000010372        0.4161936294
        0.6527826494       -0.9298245534       -0.0307718912
       -0.0131284055       -1.1010992083       -0.0057390560
       -0.7024694862       -0.9929468188       -0.0991006001
       -1.0197324913       -0.4085177605       -0.0075081031
       -1.0197325046        0.4085138601       -0.0075098531
       -0.7024695184        0.9929425364       -0.0991048537
       -0.0131284412        1.1010953482       -0.0057437729
        0.6527826192        0.9298206076       -0.0307758744
        1.0449184924        0.3459220411       -0.0063187355
        1.0449185036       -0.3459258694       -0.0063172537
        0.2887598771       -0.9151308578       -0.6134472021
       -0.3493504052       -1.1221153040       -0.6371279343
       -0.8022382175       -0.5739478483       -0.6422949762
       -1.1886689752       -0.0000031340       -0.5589325337
       -0.8022382361        0.5739412357       -0.6422974348
       -0.3493504415        1.1221087282       -0.6371327412
        0.2887598474        0.9151244042       -0.6134511223
        0.9308523764        0.6788225926       -0.5885268591
        0.9405300272       -0.0000031769       -0.5951000898
        0.9308523985       -0.6788289186       -0.5885239512
       -0.1970490158       -0.5659910990       -0.9918101356
       -0.6196441869       -0.0000040355       -0.9841101456
       -0.1970490342        0.5659830088       -0.9918125602
        0.4712522367        0.3503227208       -0.9717363980
        0.4712522480       -0.3503307033       -0.9717348973
       -0.0107191470       -0.0000047481       -1.3214538869
