         1.0000000000       39.4320000000        1.0000000000        9.0000000000        6.0000000000
        0.0375925191        0.6522655219       -0.4104432655
        0.2347936580        0.9501384054        0.1364718986
       -0.8634065269       -0.3010585669        0.8237770449
        1.3740174031       -0.2395879018        0.7835993992
        0.9696088830       -0.8504481263       -0.3379821158
        0.2666649069       -1.0149290574        0.8051110561
       -0.4121322710       -0.8211290285       -0.3729874606
        0.2537360417        0.1846669594        1.4737233621
        1.2291917911        0.4011293062        0.8162450824
        0.6582847788       -0.4612273663       -0.7671012616
       -0.3021582632        0.1396535969       -0.6895689169
        0.2391830492        0.9573511953        0.8117802859
       -0.7441784341        0.3565093048        0.8361204812
       -0.9531802300        0.0408114953        0.2564775233
        1.3761755863        0.1262361866        0.1968066098
        1.1672720747       -0.1893131643       -0.3825637679
       -0.0203765237       -0.4497139649       -0.7859816526
        0.6805976739        0.6091095624        1.1580913910
       -0.1946798389        0.5967916997        1.1709518157
       -0.7392349125       -0.2257602942       -0.3393103922
        0.8313250628        0.3486473095       -0.1411491395
        0.8261376117       -0.0433055707        1.1601654080
        0.2772021212       -0.8724741969       -0.3622453933
       -0.3013125551       -0.6617015221        0.8175241291
       -0.3139043512       -0.0650648707        1.1685054500
       -0.6532803452       -0.5776932790        0.2272843266
        1.1779710909       -0.5321028564        0.2135541358
       -0.0792846623       -0.9370633575        0.2123108505
        0.2619797520       -0.4215824851        1.1587692948
        0.6163114981       -0.9437438749        0.2310204873
        0.8231779638       -0.6312714876        0.8047413476
        0.7269944219        0.6539435120        0.4630056911
        0.3565723689        0.0944199430       -0.5643181825
       -0.2521697584        0.6487744133        0.4875225969
       -0.4550984402        0.3422500598       -0.0752772630
        0.5881338198       -0.3270390889       -0.0933034454
        0.7942929800       -0.0156350887        0.4784557825
       -0.3198860341       -0.0381795977        0.4846250357
        0.2429246404       -0.4071903932        0.4826711745
        0.2403733071        0.2269852641        0.8067021703
       -0.0975445190       -0.2834405773       -0.1304748884
        0.2199136616        0.2637549816        0.1255433144
