         1.0000000000       39.4320000000        1.0000000000        9.0000000000        6.0000000000
       -0.1833034659       -0.5921739153       -0.7064139737
       -0.1988810550       -0.5739218921       -0.0021387301
        0.4779537527       -0.3634941161       -0.7018141460
        0.4660186141       -0.3620794844       -0.0101767773
       -0.0183836024       -0.0199218418       -0.3575262368
       -0.0047664929       -0.0226147647       -1.0389522170
       -0.5921081000       -0.0347276986       -0.7050197187
        0.4656998751        0.3360803696       -0.6971131362
       -0.1982136378        0.5286503292       -0.6993748350
       -0.6365135305       -0.0105369037       -0.0281964913
        0.4365822402        0.3349663822        0.0069680657
       -0.2425492171        0.5529410307       -0.0225506065
       -0.2448859033       -0.5660658309        0.7167627085
        0.4212839637       -0.3378856466        0.6967384847
       -0.0487255081       -0.0057317130        0.3434805491
       -0.0847369699        0.0123632445        1.0503886286
       -0.6450670596       -0.0097188575        0.6513397751
        0.4066422607        0.3657996492        0.7260997292
       -0.2526490277        0.5515474666        0.6569635002
        0.9049483282       -0.0020461038        0.3654237748
        0.9511755342        0.0014952022       -0.3482955168
        0.2394410667        0.8921837433        0.3285812842
        0.2618931903        0.8815679540       -0.3479374901
        0.2943418439       -0.9379586479       -0.3577085708
        0.2750781110       -0.9029347295        0.3563971332
       -0.7929121412       -0.5843668817        0.3137866770
       -0.7688666928       -0.5927037758       -0.3627092634
        0.9539692055       -0.7000670982       -0.3266120692
        0.9523105684       -0.7058890574        0.3701767473
        0.9139888094        0.6870726059       -0.3014270875
        0.8984032969        0.6936192846        0.3780323511
       -0.3627282261       -1.1389858808       -0.3197236616
       -0.3806219926       -1.1357406437        0.3597026974
        1.4021853218       -0.3329665482        0.0301657111
        1.3842697781        0.3511645843        0.0548347560
        0.7597574481       -1.2518160961        0.0209591063
        0.1108718562       -1.4701466519        0.0365857479
        1.5254638283       -0.0162126449        0.6063710022
        1.0502046392        0.3216091646        0.9390100193
        1.0578874980       -0.3619181915        0.9515152400
        0.5654282028       -0.0254295008        1.2715455193
        0.1719279747       -0.5882436648        1.2659062853
        0.6600528752       -0.9309317389        0.9458138900
        0.0155978177       -1.1581647511        0.9241831157
        0.4991872117       -1.4840720635        0.5916634783
