         1.0000000000       39.4320000000        1.0000000000        9.0000000000        6.0000000000
       -0.1801885142       -0.5927546862       -0.7035542840
       -0.1983202802       -0.5748311957       -0.0002782486
        0.4764776985       -0.3624229126       -0.7057261771
        0.4586561367       -0.3568543980       -0.0179111771
       -0.0224216419       -0.0170931529       -0.3580682879
       -0.0067243951       -0.0212452842       -1.0390103886
       -0.5936784767       -0.0356987947       -0.7055893723
        0.4672880049        0.3333158210       -0.6942753273
       -0.1978355069        0.5304661381       -0.6999165645
       -0.6377271852       -0.0111117643       -0.0279861877
        0.4376112636        0.3347268036        0.0088352576
       -0.2424280592        0.5542753213       -0.0223211738
       -0.2442798509       -0.5673624122        0.7168230774
        0.4189571998       -0.3362647125        0.6973232202
       -0.0502200659       -0.0046864782        0.3434514532
       -0.0856551158        0.0130058898        1.0503178299
       -0.6454157074       -0.0105663220        0.6516276567
        0.4080674824        0.3656747065        0.7261718375
       -0.2519755588        0.5521619116        0.6572660297
        0.9110628074        0.0001278398        0.3659308516
        0.9555717062       -0.0020088670       -0.3442509541
        0.2411013803        0.8920953806        0.3291289012
        0.2645178718        0.8800390756       -0.3474795919
        0.2991041831       -0.9409389967       -0.3536587605
        0.2751312636       -0.9094301595        0.3568173454
       -0.7922641919       -0.5859032052        0.3143197859
       -0.7665338956       -0.5946501294       -0.3622555482
        0.9570771077       -0.7020734353       -0.3432393845
        0.9230299123       -0.6852652488        0.3550280972
        0.9174534651        0.6829750009       -0.2997856579
        0.9013376072        0.6930107812        0.3788889453
       -0.3577057173       -1.1408553251       -0.3180599066
       -0.3790509970       -1.1382990644        0.3605397540
        1.4238719816       -0.3427238108        0.0272175644
        1.3899831332        0.3490275476        0.0566146216
        0.7763954625       -1.2687943180        0.0179386077
        0.1148239508       -1.4748027784        0.0383403729
        1.4173360739       -1.0276611752        0.0350714806
        1.5378641558       -0.0198636762        0.6129277690
        1.5407393838       -0.6982242412        0.6113843311
        1.0518650627        0.3191102640        0.9406384477
        1.0613525260       -0.3671360428        0.9610409225
        0.5639559851       -0.0244754501        1.2726733786
        0.1705158366       -0.5872036838        1.2670350056
        0.6660534000       -0.9325231284        0.9553759085
        0.0184994906       -1.1588883218        0.9258293324
        1.1448964140       -1.2643891739        0.6057115234
        0.5068123884       -1.4945528813        0.5981518127
