         1.0000000000       39.4320000000        1.0000000000        9.0000000000        6.0000000000
        0.0249879633       -0.0181562245        0.0404305653
        0.0270820213       -0.0196771102        0.7165175057
        0.2130115009       -0.5919078493        0.3446615161
       -0.4805856983       -0.3492946600        0.2972142306
       -0.4724385476        0.3432454871        0.3039932079
        0.1836886517        0.5650005768        0.2972135050
        0.6287608829       -0.0196778969        0.3446610620
       -0.1771343679       -0.5656051670       -0.2866104353
       -0.5848040356       -0.0012322541       -0.2905113275
       -0.1795440482        0.5565602847       -0.2905117702
        0.4831833535        0.3432442375       -0.2866111566
        0.4807622962       -0.3492959170       -0.2969290395
        0.0016944137       -0.0012330210       -0.6529857994
       -0.5195645508       -0.3429441058        0.9553802580
       -0.4864066225        0.3533944123        0.9657920320
        0.1656042835        0.6001099224        0.9553795096
       -0.3295641676       -0.9277037685        0.5753825261
       -0.9714542216       -0.6915275846        0.5784232827
       -0.9901456013        0.0038897248        0.5946168539
       -0.9545914588        0.6935502958        0.5883449464
       -0.3096721163        0.9404811589        0.5946161107
        0.3574849827        1.1376003720        0.5784218312
        0.7804568317        0.6001091184        0.5753813137
        0.6620226440       -0.9277050650       -0.0374492832
       -0.0019388582       -1.1376405092       -0.0031357594
       -0.6873065350       -0.9281508708       -0.0110564423
       -1.0965342321       -0.3523796503       -0.0060151570
       -1.0890414300        0.3571383438       -0.0023169503
       -0.6761924590        0.9253762226       -0.0023174012
       -0.0037161606        1.1517554369       -0.0060163507
        0.6703331265        0.9404798775       -0.0110579252
        1.0813598968        0.3533923624       -0.0031369426
        1.0868748091       -0.3429462063       -0.0374497473
        0.2974850955       -0.9281521584       -0.6196886160
       -0.3650677317       -1.1208128652       -0.5906930927
       -0.7872771776       -0.5715943222       -0.6058406355
       -1.1755998016        0.0019970823       -0.5908810350
       -0.7885315806        0.5728997896       -0.6043360792
       -0.3651815064        1.1174422100       -0.5908819202
        0.3003346216        0.9253749458       -0.6058418235
        0.9531424088        0.6935478013       -0.5906945326
        0.9746512719        0.0038871557       -0.6196893557
        0.9518069112       -0.6915300993       -0.6102125341
       -0.1897958354       -0.5715951034       -0.9751028803
       -0.6029217017        0.0016526778       -0.9755528725
       -0.1878869658        0.5728990043       -0.9755533258
        0.4849669929        0.3571362857       -0.9751036173
        0.4850087876       -0.3523817183       -0.9834584418
       -0.0027500553        0.0019955487       -1.3157390340
