         1.0000000000       39.4320000000        1.0000000000        9.0000000000        6.0000000000
       -0.0074076364       -0.0000019079        0.0045786095
       -0.0005461700       -0.0000004391        0.6902399799
        0.1834313351       -0.5663930956        0.2986271365
       -0.4834073242       -0.3504779101        0.2987621286
       -0.4834073355        0.3504753392        0.2987606272
        0.1834313168        0.5663905457        0.2986247101
        0.5932077369       -0.0000012698        0.2979257044
       -0.1850646400       -0.5663943786       -0.2976143502
       -0.6176121079       -0.0000025877       -0.3081978242
       -0.1850646584        0.5663892626       -0.2976167765
        0.4809771344        0.3498165177       -0.2972592787
        0.4809771457       -0.3498216106       -0.2972577801
       -0.0011794131       -0.0000033394       -0.6638168976
        0.1896386179       -0.5823810055        0.9694645769
       -0.4947109208       -0.3603371904        0.9701002248
       -0.4947109325        0.3603374949        0.9700986812
        0.1896385990        0.5823813295        0.9694620821
        0.6120166269        0.0000001679        0.9690246671
        0.7933858107       -0.5763430584        0.6031976124
        0.3668307672       -1.1269672474        0.5883829577
       -0.3024454990       -0.9334162299        0.6041539813
       -0.9575807907       -0.6988105477        0.5918169810
       -0.9807839417       -0.0000006351        0.6061557536
       -0.9575808134        0.6988092168        0.5918139874
       -0.3024455293        0.9334149731        0.6041499828
        0.3668307306        1.1269659447        0.5883781300
        0.7933857921        0.5763418330        0.6031951435
        1.1837940437       -0.0000006397        0.5876315533
        0.6768695859       -0.9311725856       -0.0007491061
        0.0010777188       -1.1514542642       -0.0006631289
       -0.6756272830       -0.9334175293        0.0003306651
       -1.0889243980       -0.3603392594        0.0086386322
       -1.0889244097        0.3603354260        0.0086370886
       -0.6756273133        0.9334136737        0.0003266666
        0.0010776815        1.1514504263       -0.0006680614
        0.6768695557        0.9311687693       -0.0007530950
        1.0942834680        0.3553550241       -0.0008701828
        1.0942834795       -0.3553588275       -0.0008686605
        0.3033797492       -0.9311738861       -0.6050708640
       -0.3622092371       -1.1269697859       -0.5912334434
       -0.7823027413       -0.5823843896       -0.6031761034
       -0.7823027601        0.5823779453       -0.6031785982
       -0.3622092736        1.1269634063       -0.5912382711
        0.3033797190        0.9311674688       -0.6050748529
        0.9565861582        0.6945007803       -0.5912013427
        0.9791072029       -0.0000031978       -0.6051185615
        0.9565861807       -0.6945071169       -0.5911983676
       -0.1846982715       -0.5763464639       -0.9793822438
       -0.5930158054       -0.0000040279       -0.9807668570
       -0.1846982902        0.5763384274       -0.9793847127
        0.4901601158        0.3553529206       -0.9783663562
        0.4901601274       -0.3553609310       -0.9783648340
        0.0038204655       -0.0000047482       -1.3216137248
