         1.0000000000       39.4320000000        1.0000000000        9.0000000000        6.0000000000
        0.0000006409       -0.0000018973        0.0094450475
       -0.0000006276       -0.0000004333        0.6929646152
        0.1844597931       -0.5677097977        0.2995551821
       -0.4829216074       -0.3508644478        0.2995534791
       -0.4829216187        0.3508618803        0.2995519761
        0.1844597747        0.5677072519        0.2995527502
        0.5969241707       -0.0000012663        0.2995547316
       -0.1842088984       -0.5669430036       -0.2972461400
       -0.5961152527       -0.0000025639       -0.2972481188
       -0.1842089168        0.5669378892       -0.2972485687
        0.4822695533        0.3503859191       -0.2972468680
        0.4822695647       -0.3503910119       -0.2972453670
        0.0000018900       -0.0000033390       -0.6636646289
        0.1895548308       -0.5833931025        0.9696540836
       -0.4962650876       -0.3605567152        0.9696523336
       -0.4962650993        0.3605570178        0.9696507890
        0.1895548118        0.5833934273        0.9696515845
        0.6134148388        0.0000001693        0.9696536206
        0.7942478806       -0.5770558036        0.6036069210
        0.3665664595       -1.1281774869        0.5883146029
       -0.3033763144       -0.9336955433        0.6036056479
       -0.9596849591       -0.6972523026        0.5883112186
       -0.9817453925       -0.0000006406        0.6036023891
       -0.9596849817        0.6972509566        0.5883082317
       -0.3033763447        0.9336942841        0.6036016481
        0.3665664230        1.1281761839        0.5883097700
        0.7942478619        0.5770545800        0.6036044490
        1.1862348913       -0.0000006382        0.5883137076
        0.6768854156       -0.9318416890       -0.0010228638
        0.0001111013       -1.1517390058       -0.0010236488
       -0.6770627318       -0.9317119018       -0.0010253768
       -1.0953322723       -0.3560132880       -0.0010273861
       -1.0953322839        0.3560094130       -0.0010289112
       -0.6770627620        0.9317080403       -0.0010293680
        0.0001110639        1.1517351663       -0.0010285826
        0.6768853854        0.9318378715       -0.0010268556
        1.0954018376        0.3557994128       -0.0010248451
        1.0954018492       -0.3558032168       -0.0010233210
        0.3025660313       -0.9312001715       -0.6055649498
       -0.3653621904       -1.1244778528       -0.5918835015
       -0.7921216568       -0.5755146001       -0.6055677432
       -1.1823408719       -0.0000032045       -0.5918874261
       -0.7921216755        0.5755081452       -0.6055702086
       -0.3653622269        1.1244714703       -0.5918883185
        0.3025660011        0.9311937521       -0.6055689389
        0.9565370254        0.6949603905       -0.5918849453
        0.9791202109       -0.0000031987       -0.6055656888
        0.9565370479       -0.6949667301       -0.5918819683
       -0.1869074974       -0.5752537897       -0.9787341304
       -0.6048509308       -0.0000040237       -0.9787361382
       -0.1869075160        0.5752457558       -0.9787365947
        0.4893391532        0.3555199056       -0.9787348691
        0.4893391647       -0.3555279176       -0.9787333461
        0.0000031089       -0.0000047459       -1.3204789125
