         1.0000000000       39.4320000000        1.0000000000        9.0000000000        6.0000000000
       -0.0929881566        0.5878629903       -0.3464730655
        0.4764237957        0.3983879686        0.0000000000
        0.4876373935       -0.2042168436        0.3479742828
       -0.0706093383       -0.6147468995        0.3479742828
       -0.6424884697       -0.4244509102        0.0000000000
       -0.6536536902        0.1755541674       -0.3464730655
       -0.6536536902        0.1755541674        0.3464730655
        0.4876373935       -0.2042168436       -0.3479742828
       -0.0929881566        0.5878629903        0.3464730655
       -0.0817745588       -0.0147418219        0.6944473483
       -0.0706093383       -0.6147468995       -0.3479742828
       -0.0817745588       -0.0147418219       -0.6944473483
       -0.2895725943        1.2336245967        0.3435160198
        0.4864520076        0.4044449777       -0.7061146344
       -0.6512589034       -0.4322182704        0.7061146344
        0.5092068085       -0.8183697465        0.0000000000
        0.4864520076        0.4044449777        0.7061146344
       -0.6512589034       -0.4322182704       -0.7061146344
       -0.6598840107        0.7713826226       -0.6942645669
        0.8330799910        0.8600556506        0.3395902639
        0.8624620934       -0.7189020269        0.5721791980
        0.3089798332       -1.1259283296        0.5721791980
       -0.0642317667       -1.2104670674        0.0000000000
        0.8624620934       -0.7189020269       -0.5721791980
        0.8515186737       -0.1308162477        0.9117694620
        1.0433611229        0.2046182488       -0.3421178980
       -0.2491205632       -0.9402172916       -0.9117694620
       -0.2601904919       -0.3453330808        1.2552854818
       -0.2491205632       -0.9402172916        0.9117694620
       -0.6740137043        0.7905964539        0.0000000000
        0.3107724251       -0.5485348237        0.9385477512
        0.3107724251       -0.5485348237       -0.9385477512
        0.3089798332       -1.1259283296       -0.5721791980
       -0.2601904919       -0.3453330808       -1.2552854818
        0.2685278021        1.0479135587       -0.6831062838
       -0.6264862090       -1.0233737474       -0.3421178980
        0.2869664848        0.0570416604       -1.2552854818
        1.0543859965       -0.3878447631        0.0000000000
       -0.0976295684        0.5842893025        1.0363824649
       -0.6264862090       -1.0233737474        0.3421178980
        0.2805273826        1.0767961830        0.0000000000
       -0.6598840107        0.7713826226        0.6942645669
        1.0433611229        0.2046182488        0.3421178980
        0.8515186737       -0.1308162477       -0.9117694620
       -0.6488591371        0.1789196107        1.0363824649
       -0.2895725943        1.2336245967       -0.3435160198
        0.8330799910        0.8600556506       -0.3395902639
       -0.6488591371        0.1789196107       -1.0363824649
        0.2685278021        1.0479135587        0.6831062838
       -0.0976295684        0.5842893025       -1.0363824649
        0.2869664848        0.0570416604        1.2552854818
       -0.0824034479       -0.0138866463        0.0000000000
       -1.1894697756       -0.6273108156       -0.3395902639
       -1.1894697756       -0.6273108156        0.3395902639
       -1.2114831239        0.5556591744       -0.3435160198
       -1.2114831239        0.5556591744        0.3435160198
       -1.2316860244       -0.0352731210        0.0000000000
       -1.2005397042       -0.0324266048        0.6831062838
       -1.2005397042       -0.0324266048       -0.6831062838
