         1.0000000000       39.4320000000        1.0000000000        9.0000000000        6.0000000000
        0.1427055366       -1.1178947128        0.7128258039
        0.1357172162        1.1104804763       -0.7273580828
        0.1427055362       -1.1178947127       -0.7128258040
        0.1357172166        1.1104804763        0.7273580827
        0.9185369784        0.0000631112        1.1019303568
        0.9185369778        0.0000631113       -1.1019303572
       -1.2732593421       -0.0003508035        0.6728747270
       -1.2732593424       -0.0003508035       -0.6728747263
       -0.7496470296       -1.1096771570        0.0000000002
        1.2162806707       -0.7034638692       -0.0000000003
        1.2085274296        0.7099475312       -0.0000000003
       -0.3864321343       -0.0105611838       -1.3706455475
       -0.3864321336       -0.0105611839        1.3706455477
       -1.2925618189        0.0030148364        0.0000000004
        0.6674359402       -0.9259319233       -0.3422850134
        0.6674359404       -0.9259319233        0.3422850130
        0.6621325059        0.9270573321       -0.3491499964
        0.6621325061        0.9270573321        0.3491499961
        0.2705485528       -0.0061975549       -1.2402724850
        0.2705485535       -0.0061975549        1.2402724849
        1.0637691465        0.3654737685        0.5531197222
        1.0680033532       -0.3606053768       -0.5525376106
        1.0680033535       -0.3606053769        0.5525376100
        1.0637691462        0.3654737685       -0.5531197228
       -1.0641615222        0.5740618218        0.3437530398
       -1.0549548676       -0.5711702088       -0.3390974534
       -1.0549548675       -0.5711702088        0.3390974540
       -1.0641615223        0.5740618218       -0.3437530392
       -0.1156695285        0.5686405447       -1.0893408110
       -0.1120378005       -0.5843110482        1.0791772621
       -0.1120378011       -0.5843110482       -1.0791772620
       -0.1156695279        0.5686405446        1.0893408111
       -0.7511348426        0.3506884709       -0.9286863917
       -0.7511348421        0.3506884709        0.9286863921
       -0.7450707815       -0.3576636326       -0.9136568820
       -0.7450707810       -0.3576636327        0.9136568824
        0.5433600248        0.5781479436        0.9414947941
        0.5472515664       -0.5815069709        0.9346414429
        0.5433600242        0.5781479436       -0.9414947944
        0.5472515659       -0.5815069708       -0.9346414432
       -0.4806775316        0.8728058169       -0.5949067307
       -0.4723724365       -0.8852267512        0.5727450291
       -0.4806775313        0.8728058169        0.5949067310
       -0.4723724368       -0.8852267512       -0.5727450288
        1.2393951256        0.0053601434       -0.0000000003
       -0.0222420053       -1.0793844027        0.0000000000
        0.0578676236        1.0713456485        0.0000000000
       -0.6915988408        0.0189378358        0.3327779651
       -0.6915988410        0.0189378358       -0.3327779647
       -0.4630420079        0.5788277319        0.0000000001
       -0.4531748855       -0.5207429281        0.0000000001
       -0.1730335793       -0.0069378186       -0.7272615122
       -0.1730335789       -0.0069378186        0.7272615123
        0.0910057592        0.5359153892       -0.4085225823
        0.0910057594        0.5359153891        0.4085225823
        0.1033844817       -0.5384344388        0.3952415695
        0.1033844815       -0.5384344388       -0.3952415696
        0.4878146798        0.0008464792       -0.5767716177
        0.4878146801        0.0008464792        0.5767716175
        0.6373351594       -0.3383184788       -0.0000000002
        0.6269352261        0.3469811802       -0.0000000002
       -0.0213937857        0.0102864866        0.0000000000
