         1.0000000000       39.4320000000        1.0000000000        9.0000000000        6.0000000000
        0.0141919052        0.0000663703        0.0003154831
        0.0060938776       -0.0002150682        0.7144620192
        0.1891850324       -0.5685768726        0.3592039609
       -0.4778604548       -0.3446054738        0.3506656318
       -0.4777510843        0.3446168532        0.3509384882
        0.1893654509        0.5683697073        0.3596540668
        0.6054545679       -0.0001700851        0.3605916877
        0.6052600075        0.0001153317       -0.3602799022
        0.1891715788        0.5686541145       -0.3586674729
       -0.4779402025        0.3448942864       -0.3497689763
       -0.4780495730       -0.3443280406       -0.3500418326
        0.1889911602       -0.5682924654       -0.3591175789
        0.0057083881        0.0003504383       -0.7138265766
        0.1849417590       -0.5620196694        1.0497896809
       -0.4794379483       -0.3435779360        1.0426888435
       -0.4793289907        0.3430418862        1.0429606695
        0.1851200099        0.5612670612        1.0502343790
        0.5964189138       -0.0004418281        1.0506235014
        0.7884083104       -0.5714817408        0.7178546808
        0.3667849683       -1.1283306944        0.6900846254
       -0.2980619615       -0.9188014182        0.7148530350
       -0.9488455771       -0.6869814609        0.6817487677
       -0.9648578673       -0.0000516541        0.6908776351
       -0.9486275633        0.6868800490        0.6822926659
       -0.2977704110        0.9184671691        0.7155803914
        0.3671429874        1.1278049752        0.6909778072
        0.7885895756        0.5708004242        0.7183068991
        1.1914526629       -0.0003940975        0.6915475566
        0.7746308971       -0.5606081596       -0.0001117459
        0.3717563724       -1.1457963239       -0.0002347070
       -0.2937899273       -0.9028743625        0.0000411022
       -0.9753007980       -0.6853252602        0.0003111742
       -0.9816446113        0.0002242901        0.0005843180
       -0.9750832229        0.6857717938        0.0008539780
       -0.2935033420        0.9031047372        0.0007560715
        0.3721200212        1.1458156016        0.0006725196
        0.7748088022        0.5604996911        0.0003320896
        1.2096447287       -0.0001232046       -0.0000072400
        1.1910793697        0.0001535172       -0.6915521136
        0.7882020187        0.5713689636       -0.7176416721
        0.3667703630        1.1283516089       -0.6896440265
       -0.2981562636        0.9190332082       -0.7140534519
       -0.9489954021        0.6874196623       -0.6805978001
       -0.9652304846        0.0004949692       -0.6897179620
       -0.9492134159       -0.6864418477       -0.6811416983
       -0.2984478140       -0.9182353791       -0.7147808084
        0.3664123439       -1.1277840607       -0.6905372083
        0.7880207535       -0.5709132015       -0.7180938904
        0.5958518809        0.0003899994       -1.0503067368
        0.1845533670        0.5620983166       -1.0492508007
       -0.4798916571        0.3438673082       -1.0417912353
       -0.4800006147       -0.3427525140       -1.0420630613
        0.1843751161       -0.5611884141       -1.0496954988
        1.3584696137       -0.5678189696        0.3421066739
        1.3586497349        0.5672542416        0.3425560382
        1.3582848003       -0.5675478515       -0.3426508701
        1.3584649215        0.5675253597       -0.3422015059
        0.9583829923       -1.1152302597        0.3416818316
        0.9587368677        1.1147926460        0.3425646756
        0.9581983496       -1.1149593919       -0.3424435407
        0.9585522250        1.1150635138       -0.3415606966
       -0.1240637647       -1.4617833202        0.3415326734
       -0.1235998479        1.4616892386        0.3426900473
       -0.1242482433       -1.4615126932       -0.3419845099
       -0.1237843266        1.4619598656       -0.3408271360
       -0.7675451120        1.2426696604        0.3398196479
       -0.7679394849       -1.2425571775        0.3388357712
       -0.7681223671       -1.2422888925       -0.3387664522
       -0.7677279942        1.2429379454       -0.3377825755
