         1.0000000000       39.4320000000        1.0000000000        9.0000000000        6.0000000000
        0.0087494887       -0.0014393389       -0.0008432744
        0.0046929253       -0.0001908802        0.7091414798
        0.1881004697       -0.5696981609        0.3600791526
       -0.4810310809       -0.3459574267        0.3527833142
       -0.4793924522        0.3464503266        0.3521765480
        0.1882328957        0.5691374757        0.3591135076
        0.6038951614       -0.0001420383        0.3599770730
        0.6028663191       -0.0002190985       -0.3608330759
        0.1875259045        0.5689001764       -0.3594349359
       -0.4820697850        0.3462677500       -0.3520672715
       -0.4917251108       -0.3465599003       -0.3521924355
        0.1848726173       -0.5691966801       -0.3593309842
        0.0011874887       -0.0009286360       -0.7082736065
        0.0013096688        0.0006965943        1.3875120304
        0.1871299036       -0.5666307710        1.0571145770
       -0.4820294805       -0.3466547711        1.0520060483
       -0.4834462596        0.3464973269        1.0505191561
        0.1859955728        0.5670175975        1.0560320685
        0.5999000855        0.0002293421        1.0568302550
        0.7883950786       -0.5710835915        0.7167418331
        0.3685351260       -1.1298837199        0.6900352391
       -0.2973871455       -0.9197804500        0.7161218665
       -0.9493876536       -0.6910053360        0.6873957645
       -0.9654528544       -0.0016080459        0.6966720290
       -0.9518604597        0.6871279028        0.6799644684
       -0.2991058478        0.9194740169        0.7150753511
        0.3670616284        1.1298089222        0.6892988315
        0.7880074015        0.5711610585        0.7167117587
        1.1917038713        0.0000359243        0.6896016288
        0.7727698817       -0.5608173666       -0.0008257586
        0.3715834600       -1.1454469692        0.0001365019
       -0.2953696618       -0.9035665169        0.0011494073
       -0.9775715342       -0.6952584428        0.0074909306
       -0.9835661300        0.0068402121        0.0072507915
       -0.9766867405        0.6917129251       -0.0013851826
       -0.2947369391        0.9038905737       -0.0000962216
        0.3719575441        1.1456999940        0.0002524657
        0.7738314288        0.5604587904       -0.0004791663
        1.2077650026       -0.0002213184       -0.0008121023
        1.1904903442       -0.0004957599       -0.6908886684
        0.7880259601        0.5711743904       -0.7169446549
        0.3679554711        1.1300125439       -0.6886779489
       -0.2978535878        0.9217033835       -0.7137038384
       -0.9497200894        0.6953810086       -0.6822876213
       -0.9677818930        0.0078379348       -0.7054060146
       -0.9550069010       -0.7001697765       -0.6933507204
       -0.2994104687       -0.9202443262       -0.7131648187
        0.3661532992       -1.1300173578       -0.6887599376
        0.7860919857       -0.5717146509       -0.7168091145
        0.5977028996       -0.0003850042       -1.0563162673
        0.1864436704        0.5668428299       -1.0555613756
       -0.4807387132        0.3510774425       -1.0527219901
       -0.4834665744       -0.3463904575       -1.0515152527
        0.1845073991       -0.5673429442       -1.0562119663
        0.0003376807        0.0000952102       -1.3872447105
        1.3580061310       -0.5677067919        0.3409115709
        1.3583527905        0.5675659418        0.3413098899
        1.3573618700       -0.5681359779       -0.3429317358
        1.3585240497        0.5672688433       -0.3426334923
        0.9590199851       -1.1152239976        0.3411912130
        0.9588917582        1.1151271445        0.3418838036
        0.9583381756       -1.1158253513       -0.3421916809
        0.9594365903        1.1151952128       -0.3414801383
       -0.1218241263       -1.4629606453        0.3427751063
       -0.1240824420        1.4624703391        0.3420373443
       -0.1240838219       -1.4631066552       -0.3402186765
       -0.1223349081        1.4640682426       -0.3407169910
       -0.7680323863        1.2447082368        0.3405115510
       -0.7652552801       -1.2493132249        0.3442000644
       -0.7682628077       -1.2481359577       -0.3355957205
       -0.7664738033        1.2487955507       -0.3374767829
       -1.4067156189       -0.3478200367       -0.3609300298
