         1.0000000000       39.4320000000        1.0000000000        9.0000000000        6.0000000000
       -0.0000026925       -0.0000001910       -0.0000637242
       -0.0000026862       -0.0000001896        0.7146516221
        0.1846357917       -0.5682589274        0.3582248592
       -0.4833924358       -0.3512034278        0.3582248647
       -0.4833924634        0.3512030091        0.3582248633
        0.1846357469        0.5682585614        0.3582248569
        0.5974999140       -0.0000001668        0.3582248544
        0.5986681061       -0.0000001682       -0.3598323510
        0.1849967337        0.5693695827       -0.3598323485
       -0.4843375622        0.3518896575       -0.3598323422
       -0.4843375345       -0.3518900791       -0.3598323407
        0.1849967785       -0.5693699516       -0.3598323462
       -0.0000026988       -0.0000001924       -0.7103190287
        0.1827642028       -0.5624987499        1.0489980234
       -0.4784925312       -0.3476434415        1.0489980288
       -0.4784925586        0.3476430260        1.0489980274
        0.1827641586        0.5624983864        1.0489980211
        0.5914433124       -0.0000001656        1.0489980187
        0.7851436817       -0.5704423693        0.7159944635
        0.3663570437       -1.1275393484        0.6901557327
       -0.2999018676       -0.9229950868        0.7159944738
       -0.9591447681       -0.6968577601        0.6901557435
       -0.9704969413       -0.0000002278        0.7159944779
       -0.9591448230        0.6968573053        0.6901557407
       -0.2999019403        0.9229946840        0.7159944701
        0.3663569549        1.1275389980        0.6901557281
        0.7851436368        0.5704420520        0.7159944612
        1.1855621606       -0.0000001430        0.6901557231
        0.7717504366       -0.5607116140       -0.0003011874
        0.3720951104       -1.1451993198        0.0002811926
       -0.2947861127       -0.9072503920       -0.0003011773
       -0.9741672417       -0.7077722239        0.0002812036
       -0.9539419946       -0.0000002286       -0.0003011732
       -0.9741672974        0.7077717651        0.0002812008
       -0.2947861841        0.9072499868       -0.0003011809
        0.3720950202        1.1451989670        0.0002811880
        0.7717503925        0.5607112927       -0.0003011896
        1.2041309460       -0.0000001436        0.0002811829
        1.1879499795       -0.0000001456       -0.6891873902
        0.7859974555        0.5710623939       -0.7162116116
        0.3670948230        1.1298099576       -0.6891873852
       -0.3002280875        0.9239984201       -0.7162116027
       -0.9610766311        0.6982608344       -0.6891873725
       -0.9715523476       -0.0000002307       -0.7162115949
       -0.9610765762       -0.6982612948       -0.6891873697
       -0.3002280148       -0.9239988287       -0.7162115990
        0.3670949119       -1.1298103135       -0.6891873806
        0.7859975004       -0.5710627169       -0.7162116094
        0.5967183120       -0.0000001696       -1.0562271051
        0.1843942100        0.5675152228       -1.0562271026
       -0.4827601567        0.3507435995       -1.0562270962
       -0.4827601291       -0.3507440238       -1.0562270948
        0.1843942547       -0.5675155945       -1.0562271003
       -0.0000027048       -0.0000001938       -1.3885910305
        1.3565243271       -0.5669842570        0.3421563223
        1.3565242825        0.5669839832        0.3421563201
        1.3569901383       -0.5672659707       -0.3415667883
        1.3569900937        0.5672656941       -0.3415667906
        0.9584211910       -1.1149262614        0.3421563270
        0.9584211033        1.1149259562        0.3421563225
        0.9588330548       -1.1152822273       -0.3415667836
        0.9588329670        1.1152819194       -0.3415667881
       -0.1200466792       -1.4653417611        0.3421563372
       -0.1200467946        1.4653413710        0.3421563313
       -0.1201706642       -1.4658718349       -0.3415667734
       -0.1201707796        1.4658714420       -0.3415667793
       -0.7641912265        1.2560461298        0.3421563374
       -0.7641911276       -1.2560465707        0.3421563425
       -0.7644024013       -1.2565482826       -0.3415667681
       -0.7644025003        1.2565478390       -0.3415667732
       -1.4307209719       -0.3386470195        0.3421563465
       -1.4307209985        0.3386465262        0.3421563452
       -1.4312634183       -0.3386929114       -0.3415667641
       -1.4312634450        0.3386924153       -0.3415667654
