         1.0000000000       39.4320000000        1.0000000000        9.0000000000        6.0000000000
        0.0039757794        0.0004715453        0.0043413039
       -0.0009874947        0.0045831105        0.7134756735
        0.1899131113       -0.5669737565        0.3665641008
       -0.4824329950       -0.3491467286        0.3620844809
       -0.4838645646        0.3542873267        0.3579164109
        0.1850750960        0.5718795454        0.3614162945
        0.6013575620        0.0007364398        0.3661522383
        0.6064238737       -0.0034541291       -0.3489476705
        0.1901635143        0.5676706911       -0.3568039167
       -0.4787766524        0.3500788910       -0.3602323623
       -0.4773445767       -0.3533555829       -0.3561357303
        0.1949794230       -0.5711643254       -0.3485358079
        0.0090605901       -0.0037281018       -0.7047916885
       -0.0073664603        0.0096988923        1.3925651017
        0.1796023027       -0.5593528335        1.0648919221
       -0.4872261170       -0.3432105060        1.0587722274
       -0.4874268826        0.3573741344        1.0540618797
        0.1784221836        0.5752496331        1.0581059026
        0.5913873450        0.0088273104        1.0644797186
        0.7841852388       -0.5644530807        0.7312393690
        0.3601798665       -1.1250359661        0.7066109269
       -0.3023961372       -0.9176490733        0.7227064011
       -0.9626295332       -0.6932208493        0.6905846014
       -0.9735200765        0.0043951901        0.7127732433
       -0.9636097104        0.7022150621        0.6824058792
       -0.3035175511        0.9288632796        0.7121025599
        0.3628191076        1.1356304254        0.6892578059
        0.7816237421        0.5780792989        0.7216212796
        1.1849294792        0.0129518322        0.7057853392
        0.7872369988       -0.5671857359        0.0132170600
        0.3764790559       -1.1457248409        0.0136972450
       -0.2900121008       -0.9063297850        0.0075724317
       -0.9702998986       -0.7069749291        0.0015845128
       -0.9508995421       -0.0000263898       -0.0024208413
       -0.9719435307        0.7077550013       -0.0067176145
       -0.2927678835        0.9080623024       -0.0030796417
        0.3730274727        1.1465453807        0.0002398204
        0.7742283175        0.5621069282        0.0065071098
        1.2091861635        0.0032426923        0.0128636917
        1.1947502583        0.0048286345       -0.6803982740
        0.7917562948        0.5696982194       -0.7085685694
        0.3725814559        1.1275555584       -0.6886784035
       -0.2933818122        0.9204795647       -0.7185370145
       -0.9538472822        0.6941401291       -0.6955416080
       -0.9633843376       -0.0039885248       -0.7178663311
       -0.9528671849       -0.7012957163       -0.6873516080
       -0.2922635844       -0.9260301527       -0.7074834480
        0.3700006456       -1.1331591639       -0.6795726863
        0.7943589444       -0.5728681995       -0.7047591264
        0.6063494590       -0.0035485112       -1.0473931749
        0.1933824733        0.5628753204       -1.0535095012
       -0.4724751423        0.3450068933       -1.0563467912
       -0.4722658273       -0.3555848187       -1.0528431765
        0.1945644167       -0.5717286551       -1.0469809715
        0.0123042483       -0.0065716148       -1.3839166454
        1.3669947542       -0.5550850546        0.3718024794
        1.3570404401        0.5739658421        0.3520663301
        1.3720181176       -0.5592400990       -0.3372353538
        1.3618789174        0.5699637251       -0.3308751985
        0.9564386465       -1.1215695171        0.3722134527
        0.9572595915        1.1202475512        0.3460357058
        0.9614620099       -1.1257245616       -0.3368243805
        0.9620981113        1.1162453989       -0.3369118261
       -0.1196389812       -1.4635533486        0.3535445100
       -0.1219350473        1.4694396941        0.3364048406
       -0.1148005040       -1.4675554657       -0.3293970185
       -0.1170956593        1.4654368238       -0.3466652354
       -0.7655618496        1.2589879286        0.3331236655
       -0.7632233114       -1.2536711759        0.3477579370
       -0.7583847916       -1.2576733281       -0.3351895949
       -0.7607218170        1.2549845251       -0.3500373925
       -1.4309836230       -0.3367828050        0.3377152194
       -1.4313219759        0.3403734926        0.3337901021
       -1.4261442350       -0.3407856754       -0.3453548566
       -1.4264819433        0.3363700891       -0.3493709558
        1.5140396932       -1.0939255147        0.0214530398
